img004.png -0.07200496643781662 0.015713157132267952 0.866476833820343 0.11009762436151505 0.5124068260192871 0.4697476923465729 -0.7041184902191162
img017.png -0.09979206323623657 0.02612185664474964 0.8463248014450073 0.09896740317344666 0.5079562067985535 0.46262022852897644 -0.7128604054450989
img027.png -0.10394832491874695 0.026025505736470222 0.8254817128181458 0.08093234896659851 0.49268051981925964 0.4831376373767853 -0.7095250487327576
img037.png -0.08621637523174286 0.040234580636024475 0.8008051514625549 0.03897135704755783 0.4490390419960022 0.5940037965774536 -0.6603150963783264
img039.png -0.0948631539940834 0.046176522970199585 0.7945016026496887 0.03324316814541817 0.44381603598594666 0.6066228747367859 -0.651971697807312
img060.png -0.16216441988945007 0.07850988209247589 0.8693411350250244 0.016342001035809517 0.4471873641014099 0.8440669178962708 -0.2890626788139343
img092.png -0.04464048892259598 0.07608018815517426 0.7198331356048584 0.042581625282764435 0.41283032298088074 -0.7301534414291382 0.5332344174385071
img096.png -0.04720703512430191 0.07278186082839966 0.7263290882110596 0.04816485568881035 0.4193052351474762 -0.7196345925331116 0.5415376424789429
img099.png -0.061822064220905304 0.05904845893383026 0.713556706905365 0.04757283255457878 0.4153447151184082 -0.7099618911743164 0.5553336143493652
img102.png -0.01825723797082901 0.007511110510677099 0.6913102269172668 0.045541733503341675 0.41479653120040894 -0.7663257122039795 0.4841929078102112
img109.png 0.004687079228460789 -0.05992472171783447 0.5611053109169006 0.023806419223546982 0.27231699228286743 -0.8968932628631592 0.3398553431034088
img113.png 0.017686210572719574 0.013462872244417667 0.580240786075592 0.08332373201847076 0.23637518286705017 0.9090371131896973 0.3229249119758606
img149.png -0.024183019995689392 -0.045728057622909546 0.7209213376045227 0.02551504224538803 0.10639091581106186 0.3654327690601349 0.1908523589372635
img155.png -0.037664949893951416 -0.012500314973294735 0.5338991284370422 0.01768805831670761 0.10724594444036484 -0.9808365702629089 0.17742471396923065
img158.png -0.034630775451660156 -0.019465235993266106 0.5141960382461548 0.026819299906492233 0.10488247871398926 -0.9780058264732361 0.18969261646270752
img170.png -0.04713216423988342 -0.04046763479709625 0.5297873616218567 0.06773052364587784 0.09472587704658508 -0.9770094156265259 0.19606922566890717
img183.png -0.0509440153837204 -0.04079990088939667 0.5252150297164917 0.14193682372570038 0.07878207415342331 -0.9723408818244934 0.1682496815919876
img192.png -0.07086162269115448 -0.05310676991939545 0.5360977053642273 0.1874265968799591 0.039408545941114426 -0.971572756767273 0.14205864071846008
img195.png -0.07753446698188782 -0.053169623017311096 0.5272563099861145 0.19284680485725403 0.03087366744875908 -0.9687747359275818 0.14000459015369415
img205.png -0.07103388756513596 -0.04873409867286682 0.51485675573349 0.21789324283599854 0.02118966542184353 -0.9660367965698242 0.14137519896030426
img208.png -0.06513428688049316 -0.05911976099014282 0.5118557810783386 0.22010663151741028 0.015788061544299126 -0.9635200500488281 0.13893979787826538
img215.png -0.06658756732940674 -0.05038200318813324 0.5102458596229553 0.23425349593162537 0.003602796234190464 -0.9596641063690186 0.14854896068572998
img221.png -0.06055863946676254 -0.03990145027637482 0.49662676453590393 0.2425592839717865 -0.007805927656590939 -0.957820475101471 0.14094047248363495
img226.png -0.008729378692805767 -0.02451404742896557 0.4982863664627075 0.2708114683628082 -0.011719315312802792 -0.9468309283256531 0.1503281593322754
img232.png -0.01655608043074608 -0.02068464271724224 0.4760378897190094 0.2742167115211487 -0.0100204823538661 -0.943484902381897 0.17500564455986023
img236.png 0.006266393698751926 -0.003783597145229578 0.49257737398147583 0.275195837020874 -0.004340761341154575 -0.9409694671630859 0.20118717849254608
img256.png -0.007781556807458401 0.04438920319080353 0.4943711757659912 0.28806889057159424 0.010333983227610588 -0.8900294899940491 0.345316082239151
img258.png -0.0008775806054472923 0.040421247482299805 0.4715375602245331 0.30076107382774353 0.0083632692694664 -0.8865362405776978 0.34760451316833496
img259.png 0.004705675877630711 0.03863437473773956 0.47375014424324036 0.2985742688179016 0.017417263239622116 -0.8834519982337952 0.35960790514945984
img265.png 0.004007288254797459 0.05228634178638458 0.4819168746471405 0.29039010405540466 0.01692981831729412 -0.8826260566711426 0.3666333556175232
img269.png -0.009445867501199245 0.055316075682640076 0.4802648425102234 0.289680153131485 0.018376851454377174 -0.8885971903800964 0.35322627425193787
img278.png -0.012681654654443264 0.06955201923847198 0.5761152505874634 0.24106818437576294 0.08336525410413742 -0.9193207621574402 0.29203975200653076
img289.png -0.09204573929309845 -0.04823622107505798 0.8818758726119995 0.0031068832613527775 0.42905402183532715 0.8943738341331482 -0.04414404556155205
img299.png -0.03624898940324783 -0.07726249098777771 0.7967557311058044 0.1228320449590683 0.5388233661651611 0.4111003577709198 -0.7094388008117676
img312.png -0.018758036196231842 -0.0766044557094574 0.6328188180923462 0.2340674251317978 0.7621122002601624 0.13463880121707916 -0.5795847177505493
img314.png -0.019798003137111664 -0.07186013460159302 0.6114057898521423 0.2454366683959961 0.7658026218414307 0.14339958131313324 -0.5669673085212708
img321.png 0.003096633590757847 -0.06358024477958679 0.541640043258667 0.32229945063591003 0.7845576405525208 0.21346966922283173 -0.4799715578556061
img323.png 0.005330168642103672 -0.07468721270561218 0.538712739944458 0.3309378921985626 0.7834752798080444 0.22445395588874817 -0.4713958501815796
img326.png 0.000897102989256382 -0.07842648029327393 0.5171184539794922 0.3379068374633789 0.7816340327262878 0.23471345007419586 -0.46491873264312744
img333.png -0.010310671292245388 -0.07541367411613464 0.48339641094207764 0.3630967140197754 0.7741713523864746 0.267010360956192 -0.4428645074367523
img342.png -0.0020484542474150658 -0.02453729324042797 0.4111630916595459 0.5034801363945007 0.5740998387336731 0.46316400170326233 -0.4275866150856018
img362.png 0.00422393623739481 0.04995851218700409 0.7780720591545105 0.08547629415988922 0.5303835272789001 0.8404553532600403 -0.040298983454704285
img363.png -0.00445502158254385 0.05337055027484894 0.7682675719261169 0.09144039452075958 0.5245835781097412 0.8441596627235413 -0.03312326595187187
img373.png -0.013584612868726254 0.08632807433605194 0.5499271154403687 0.1648949235677719 0.5411805510520935 0.8231709599494934 0.023565862327814102
img388.png -0.0016440367326140404 0.07673273980617523 0.49359622597694397 0.1510869562625885 0.5415935516357422 0.8241803646087646 0.03904826194047928
img398.png -0.02389758825302124 0.07391762733459473 0.4696485102176666 0.13307377696037292 0.5388901829719543 0.825515866279602 0.059791818261146545
img400.png -0.015775643289089203 0.06748439371585846 0.47965964674949646 0.13584831357002258 0.5360347032546997 0.8245735764503479 0.051936808973550797
img405.png 0.037639595568180084 0.030308211222290993 0.5686116814613342 0.030777469277381897 0.5234986543655396 -0.7490552663803101 0.3894711136817932
img407.png 0.0658259317278862 0.0006492151878774166 0.6055378317832947 0.026053685694932938 0.5331265926361084 -0.7464919686317444 0.3889211118221283
img408.png 0.06227315217256546 0.025470608845353127 0.6377454996109009 0.029426276683807373 0.535302460193634 -0.7366745471954346 0.376334011554718
img418.png 0.012941853143274784 0.010459558106958866 0.7114185690879822 0.17460426688194275 0.4909367859363556 0.8428828120231628 0.11526130884885788
img422.png -0.047124363481998444 0.027710886672139168 0.7646177411079407 0.11952038109302521 0.478206068277359 0.8641461730003357 0.028543703258037567
img428.png -0.04697110503911972 -0.009694009087979794 0.7525221705436707 0.11436042934656143 0.4844636023044586 0.8577517867088318 -0.07994984835386276
img456.png 0.06934673339128494 -0.09856382012367249 0.6173010468482971 0.04175746440887451 0.17060770094394684 0.38028010725975037 -0.17797869443893433
img467.png -0.007358993403613567 -0.03144672513008118 0.7881817817687988 0.027915574610233307 0.1273987889289856 -0.9605551362037659 0.1351095736026764
img474.png -0.05487413704395294 -0.059914812445640564 0.7718465328216553 0.03252795711159706 0.1447266936302185 -0.902315616607666 0.15879157185554504
img497.png 0.012647164054214954 -0.03853641450405121 0.7601873278617859 0.03453042358160019 0.1511363387107849 -0.9673193693161011 0.13285958766937256
img499.png -0.052859894931316376 -0.041611313819885254 0.7816635966300964 0.025060005486011505 0.16403132677078247 -0.9722359776496887 0.1665874570608139
img502.png -0.051886506378650665 -0.03364856541156769 0.7557877898216248 0.025111567229032516 0.16640454530715942 -0.9603237509727478 0.1728808432817459
img507.png -0.11666987091302872 -0.047850102186203 0.7931361198425293 0.040668271481990814 0.1634349524974823 -0.9683758616447449 0.18037936091423035
img510.png -0.11672206968069077 -0.04154549539089203 0.7846952676773071 0.04551362246274948 0.1521736979484558 -0.974664032459259 0.1648452877998352
img521.png 0.2007729560136795 -0.09183365106582642 0.9153454303741455 0.01680034026503563 0.1749495416879654 -0.7947067022323608 -0.17697773873806
img525.png 0.022640489041805267 -0.193582683801651 0.6056861281394958 0.01551474817097187 0.1867247223854065 0.27044758200645447 -0.09496559202671051
img530.png -0.019152171909809113 -0.029479695484042168 0.701508641242981 0.003823862411081791 0.1537075787782669 0.9786282777786255 -0.05014737322926521
img533.png -0.01717502623796463 -0.0691332221031189 0.7379516959190369 0.0025415723212063313 0.15163519978523254 0.9870967864990234 -0.02611580491065979
img554.png -0.09933087974786758 -0.10930708050727844 0.793910026550293 -0.02010710909962654 0.13419149816036224 0.773796796798706 0.044362373650074005
img562.png -0.07482601702213287 -0.1276153326034546 0.7195630669593811 0.09107348322868347 0.09010054171085358 -0.9920470118522644 -0.009295614436268806
img567.png -0.08853229135274887 -0.1211971640586853 0.7199967503547668 0.10302400588989258 0.07132624089717865 -0.9912258982658386 -0.02731189876794815
img578.png -0.08993672579526901 -0.09259235858917236 0.7014160752296448 0.12625055015087128 0.06823670119047165 -0.9865542054176331 -0.056772954761981964
img586.png -0.07479634135961533 -0.09835341572761536 0.6970517039299011 0.13905182480812073 0.11313926428556442 -0.9821862578392029 -0.05839729309082031
img609.png -0.07992858439683914 -0.039637088775634766 0.7168151140213013 0.07718541473150253 0.30513477325439453 -0.9395326375961304 0.1251770257949829
img620.png -0.05094655975699425 0.008610487915575504 0.6920984387397766 0.06813357770442963 0.3856453001499176 -0.8784738183021545 0.18857352435588837
img625.png -0.18663600087165833 0.19316095113754272 0.6811119914054871 0.20295332372188568 0.2947189509868622 0.9000407457351685 0.2323591560125351
img646.png 0.03240898996591568 -0.09120422601699829 0.7112486362457275 -0.005498804152011871 0.4265562891960144 0.809887170791626 -0.2109188586473465
img674.png 0.011362397111952305 0.036352451890707016 0.3536582589149475 0.04327751323580742 0.3998907208442688 -0.5513973832130432 0.7266091704368591
img681.png 0.011368446983397007 0.029185542836785316 0.35390421748161316 0.03681621700525284 0.41147875785827637 -0.5462738871574402 0.7276008725166321
img694.png 0.025861181318759918 0.03775357827544212 0.3854654133319855 0.03332104906439781 0.4111708998680115 -0.5604221820831299 0.7227225303649902
img705.png 0.015609645284712315 0.015172184444963932 0.4699329435825348 0.02349226549267769 0.4114816188812256 -0.5908097624778748 0.688126802444458
img716.png -0.010551429353654385 -0.01052985992282629 0.6101431846618652 0.0035975808277726173 0.3836281895637512 -0.6806294322013855 0.621704638004303
img727.png -0.03650040179491043 0.015452266670763493 0.5823708772659302 -0.03422292694449425 0.22501425445079803 0.9379891157150269 -0.24370712041854858
img760.png -0.027434788644313812 -0.003947703633457422 0.47856834530830383 0.20642127096652985 0.6845159530639648 0.1969607025384903 -0.6671200394630432
img787.png -0.010020486079156399 -0.012132196687161922 0.4141142666339874 0.1913612335920334 0.6678335666656494 0.1980944722890854 -0.6863844990730286
img800.png -0.010797998867928982 -0.009791581891477108 0.4477201998233795 0.17934256792068481 0.6745291948318481 0.1852259337902069 -0.6884003281593323
img805.png 0.01727517694234848 -0.04811158776283264 0.6826196908950806 0.1834268569946289 0.652018666267395 0.21842262148857117 -0.6934430599212646
img811.png -0.020590461790561676 0.0661802589893341 0.8270593285560608 0.08479774743318558 0.5284697413444519 0.4387925863265991 -0.7094815969467163
img817.png -0.06951122730970383 0.06398937106132507 0.698491632938385 0.22126978635787964 0.2504267692565918 0.8453808426856995 0.40100741386413574
img824.png -0.08589787781238556 0.0067120506428182125 0.6749908924102783 0.06661870330572128 0.3492717444896698 0.9299869537353516 0.0019653881900012493
img850.png 0.01856546849012375 -0.11675143241882324 0.768433153629303 0.29733288288116455 0.6924874782562256 0.2399425059556961 -0.5850525498390198
img857.png -0.04174467921257019 -0.0266703050583601 0.8461593985557556 0.3924415111541748 0.2852196991443634 0.5452386140823364 -0.5783965587615967
img864.png -0.13326777517795563 0.003204645123332739 0.7259481549263 0.29727569222450256 0.7038863897323608 0.3046369254589081 -0.5428845882415771
img869.png -0.024606749415397644 -0.18735328316688538 0.96295565366745 0.2546807825565338 0.2282857894897461 -0.06396801769733429 -0.6374441385269165
img874.png -0.07452251762151718 -0.05327528715133667 0.41164344549179077 0.11397171765565872 -0.3522341549396515 -0.8431031703948975 -0.38823020458221436
img886.png -0.06920456141233444 -0.026998041197657585 0.42411282658576965 0.11208324879407883 -0.3001015782356262 -0.8803372383117676 -0.3474712669849396
img893.png -0.06726517528295517 -0.026411352679133415 0.431397944688797 0.11215969920158386 -0.2836013734340668 -0.8936908841133118 -0.32807284593582153
img897.png -0.07269597053527832 -0.02209867350757122 0.4281007647514343 0.11173510551452637 -0.27362722158432007 -0.8984158635139465 -0.3234521746635437
img898.png -0.07814400643110275 -0.018311871215701103 0.4284120798110962 0.1111028715968132 -0.2726432681083679 -0.8975037932395935 -0.3242732882499695
img921.png -0.0387454554438591 0.015907572582364082 0.49599435925483704 0.10849297791719437 -0.15560568869113922 -0.9411216974258423 -0.27718570828437805
img931.png -0.02800564467906952 -0.007595254573971033 0.4751989543437958 0.1041465625166893 -0.12809766829013824 -0.9506593346595764 -0.25838014483451843
img935.png -0.043361227959394455 -0.018164126202464104 0.5971483588218689 0.13647808134555817 0.17072609066963196 -0.9669307470321655 0.06710488349199295
img957.png 0.0636712983250618 0.06611715257167816 0.8246883749961853 0.09496910125017166 0.4268469214439392 -0.8256856203079224 0.345266193151474 
