img000.png -0.0637757 0.0556675 0.851603 0.109782 0.51353 0.468674 -0.710337
img001.png -0.0628698 0.0552562 0.851063 0.1077 0.516261 0.46625 -0.710272
img002.png -0.062535 0.0543419 0.853356 0.10062 0.51916 0.462702 -0.711517
img003.png -0.0642567 0.0496149 0.850167 0.108953 0.517207 0.463942 -0.710903
img005.png -0.0671845 0.0494195 0.848529 0.111184 0.515217 0.46611 -0.710585
img006.png -0.0674974 0.0489645 0.848897 0.108746 0.514158 0.465364 -0.712216
img007.png -0.0690845 0.0487757 0.847867 0.110623 0.514752 0.465711 -0.711271
img008.png -0.0702397 0.0490735 0.848953 0.109079 0.514029 0.465293 -0.712305
img009.png -0.0744311 0.0480906 0.849978 0.107258 0.513301 0.46562 -0.712892
img010.png -0.0750288 0.0480576 0.848617 0.106696 0.514854 0.464423 -0.712638
img011.png -0.081646 0.0447513 0.852925 0.103586 0.513281 0.464039 -0.714479
img012.png -0.0840043 0.0425854 0.849685 0.108091 0.510989 0.466632 -0.713765
img013.png -0.0849405 0.0421691 0.849738 0.106326 0.513122 0.463283 -0.714681
img014.png -0.0908238 0.0423168 0.849187 0.108212 0.510424 0.465604 -0.714822
img015.png -0.094332 0.0404012 0.849888 0.10421 0.510762 0.462101 -0.717443
img016.png -0.0988753 0.0377382 0.850239 0.100435 0.510909 0.459581 -0.719493
img018.png -0.100194 0.0363315 0.848273 0.102089 0.510756 0.459985 -0.719111
img019.png -0.101311 0.0356063 0.850276 0.101617 0.508467 0.461352 -0.719923
img020.png -0.101461 0.0362132 0.849431 0.0977917 0.509923 0.459667 -0.720501
img021.png -0.104865 0.0379905 0.848707 0.0969971 0.507484 0.462805 -0.720322
img022.png -0.106488 0.0377433 0.847336 0.0945063 0.506977 0.463844 -0.720342
img023.png -0.107237 0.0370995 0.847034 0.0923076 0.504589 0.464615 -0.721805
img024.png -0.107274 0.0363653 0.847319 0.0890226 0.507089 0.463302 -0.721309
img025.png -0.110779 0.0362414 0.84611 0.0855347 0.504363 0.466802 -0.721386
img026.png -0.112228 0.0348038 0.842517 0.0798893 0.497526 0.477105 -0.72004
img028.png -0.111614 0.0331167 0.839949 0.0766197 0.494761 0.485547 -0.716648
img029.png -0.111917 0.0340325 0.839691 0.07394 0.49258 0.490642 -0.71496
img030.png -0.11722 0.0336264 0.832731 0.0605441 0.479543 0.515022 -0.707902
img031.png -0.116717 0.032676 0.830298 0.0645395 0.47758 0.521264 -0.704298
img032.png -0.122953 0.0375048 0.828 0.055739 0.470721 0.535439 -0.699014
img033.png -0.126809 0.0407791 0.826407 0.0506822 0.462116 0.551897 -0.692308
img034.png -0.127871 0.0408831 0.824925 0.0478515 0.457523 0.559536 -0.689422
img035.png -0.128099 0.0404763 0.822433 0.0484077 0.458825 0.565303 -0.68379
img036.png -0.128957 0.0420229 0.821938 0.0458974 0.455079 0.572786 -0.68023
img038.png -0.127819 0.045401 0.819767 0.0411146 0.451057 0.588685 -0.669557
img040.png -0.129967 0.0518699 0.813902 0.0298054 0.443819 0.609671 -0.656078
img041.png -0.131938 0.0541067 0.81224 0.0295501 0.439553 0.616586 -0.652489
img042.png -0.134827 0.0571366 0.809013 0.0290145 0.435578 0.625149 -0.647008
img043.png -0.135639 0.0586389 0.807981 0.0263271 0.433784 0.628596 -0.644985
img044.png -0.136787 0.0605874 0.806935 0.0248465 0.432672 0.631891 -0.642566
img045.png -0.137364 0.0622286 0.80294 0.0271688 0.432006 0.636041 -0.638815
img046.png -0.137458 0.0735259 0.79805 0.0206517 0.425278 0.651999 -0.627383
img047.png -0.136955 0.0750802 0.795262 0.0203348 0.423667 0.654967 -0.625388
img048.png -0.136871 0.0774013 0.792998 0.0229221 0.420408 0.659884 -0.622322
img049.png -0.135785 0.0809329 0.792658 0.0186631 0.42069 0.662771 -0.619198
img050.png -0.135499 0.0834044 0.79284 0.0155342 0.423642 0.664662 -0.615232
img051.png -0.133979 0.102752 0.78675 0.0193444 0.414444 0.690386 -0.592646
img052.png -0.132221 0.110333 0.791007 0.0146215 0.418452 0.697011 -0.582116
img053.png -0.131252 0.111292 0.791547 0.0172816 0.420136 0.697816 -0.579862
img054.png -0.134336 0.11485 0.791427 0.0199022 0.422388 0.701036 -0.574231
img055.png -0.136147 0.117103 0.792611 0.0164948 0.422815 0.702516 -0.572212
img056.png -0.174292 0.165567 0.845052 0.00482998 0.437035 0.74204 -0.508285
img057.png -0.174811 0.167064 0.848115 0.00437641 0.439135 0.743386 -0.504498
img058.png -0.168904 0.0613626 0.92526 0.0319062 0.454337 0.810073 -0.369245
img059.png -0.16983 0.0597123 0.90269 0.0203808 0.441155 0.839901 -0.315489
img061.png -0.131436 0.0594435 0.887615 0.0190866 0.466906 0.853311 -0.23129
img062.png -0.132879 0.0592105 0.883492 0.022933 0.468216 0.852956 -0.229596
img063.png -0.137821 0.0634184 0.880488 0.0150551 0.462007 0.859347 -0.218736
img064.png -0.135865 0.0616556 0.877424 0.0145305 0.468152 0.857691 -0.212104
img065.png -0.138128 0.0607688 0.877268 0.0143372 0.46422 0.86051 -0.209323
img066.png -0.138991 0.0594728 0.873741 0.0155124 0.458332 0.863991 -0.207872
img067.png -0.143354 0.0807592 0.862966 -0.00689395 0.455889 0.869999 -0.187668
img068.png -0.139447 0.0837408 0.860525 0.150389 0.429366 -0.883955 -0.107942
img069.png -0.132776 0.0759488 0.848189 -0.00697227 0.457116 0.874216 -0.163532
img070.png -0.131612 0.0762729 0.844904 -0.00680194 0.453098 0.8775 -0.157001
img071.png -0.121761 0.0763029 0.811458 0.107546 0.420671 -0.900335 -0.0294505
img072.png -0.121882 0.0769523 0.806773 0.104254 0.419436 -0.901566 -0.0195605
img073.png -0.109518 0.0908933 0.79193 0.033288 0.428929 0.902586 -0.0158487
img074.png -0.100354 0.0972449 0.78509 0.0479471 0.426508 0.903068 0.0161497
img075.png -0.0939879 0.101636 0.779065 0.0512612 0.428871 0.901137 0.0373453
img076.png -0.0919887 0.10347 0.777403 0.0536822 0.425485 0.902136 0.0472378
img077.png -0.0895791 0.105147 0.775417 0.0571766 0.421555 0.903386 0.0539972
img078.png -0.0854909 0.10805 0.77583 0.0513887 0.410945 -0.903445 0.110769
img079.png -0.0825135 0.111272 0.772789 0.0632289 0.422827 0.901138 0.0718971
img080.png -0.0816982 0.114217 0.770329 0.0584721 0.411185 -0.900712 0.127379
img081.png -0.0758916 0.121627 0.765202 0.0644363 0.418129 0.900249 0.102801
img082.png -0.0740658 0.123791 0.762772 0.0552423 0.408026 -0.898028 0.154949
img083.png -0.0729594 0.124449 0.761954 0.0563513 0.407736 -0.896881 0.161806
img084.png -0.0706014 0.123234 0.759892 0.0544951 0.410313 -0.894622 0.1683
img085.png -0.0683699 0.123138 0.758261 0.0753679 0.412556 0.898128 0.132227
img086.png -0.0651471 0.124729 0.759325 0.0470557 0.407709 -0.89341 0.182695
img087.png -0.0623849 0.130522 0.754822 0.0458784 0.409902 -0.887365 0.206055
img088.png -0.0605993 0.132525 0.75386 0.0424539 0.402673 -0.888408 0.216293
img089.png -0.0574501 0.133635 0.753075 0.0997182 0.410862 0.886621 0.187489
img090.png -0.0530353 0.135695 0.74694 0.0265368 0.40727 -0.863597 0.296019
img091.png -0.0719866 0.0847029 0.739498 0.0300761 0.39546 -0.776122 0.490247
img093.png -0.0577582 0.0758849 0.729046 0.0470465 0.415981 -0.718873 0.554949
img094.png -0.0563697 0.075475 0.72524 0.0531719 0.414752 -0.718601 0.555668
img095.png -0.0492572 0.0675865 0.722235 0.0483243 0.426709 -0.708325 0.560232
img097.png -0.0694378 0.0568744 0.726807 0.0520957 0.419232 -0.708085 0.565814
img098.png -0.0702684 0.0579807 0.725447 0.0556065 0.419523 -0.708004 0.565366
img100.png -0.0802934 0.0290096 0.73283 0.0374774 0.416523 -0.726351 0.545452
img101.png -0.038814 0.0181572 0.724375 0.0428273 0.433793 -0.741791 0.509643
img103.png -0.0388132 0.00916783 0.684226 0.0468031 0.387378 -0.790395 0.472254
img104.png -0.00813213 0.01697 0.624543 0.0412066 0.318732 -0.868706 0.376911
img105.png -0.00957094 0.0175906 0.62518 0.12179 0.286643 0.878165 0.363083
img106.png -0.012818 0.0178133 0.622407 0.117337 0.286254 0.881537 0.356629
img107.png -0.0157164 0.0176991 0.620717 0.110673 0.273589 0.888235 0.35205
img108.png -0.0222593 0.0166275 0.613689 0.0316356 0.283401 -0.893208 0.347652
img110.png -0.0269692 0.0171775 0.605673 0.032828 0.258663 -0.903976 0.338886
img111.png -0.0259436 0.0173813 0.60336 0.0310726 0.254138 -0.906905 0.334623
img112.png -0.0242762 0.0178768 0.602063 0.0880081 0.235744 0.909617 0.330571
img114.png -0.0224694 0.0188565 0.596287 0.0810102 0.228082 0.914697 0.323644
img115.png -0.020907 0.0202143 0.59592 0.0219309 0.243938 -0.914439 0.322202
img116.png -0.0194728 0.0212668 0.593783 0.0252473 0.244578 -0.915469 0.31853
img117.png -0.0177987 0.0219832 0.591314 0.0798358 0.234129 0.917539 0.31134
img118.png -0.0168511 0.023701 0.586376 0.0735678 0.226044 0.920388 0.310446
img119.png -0.0156295 0.0247786 0.588015 0.0752265 0.223581 0.92246 0.305649
img120.png -0.0159214 0.0262198 0.58605 0.0244161 0.235509 -0.922205 0.30574
img121.png -0.0281257 0.061058 0.577894 0.0465254 0.167763 -0.944582 0.278308
img122.png -0.0300375 0.0539074 0.567262 0.0561298 0.185092 -0.942978 0.270891
img123.png -0.0270407 0.0406164 0.561144 0.0286889 0.18448 0.944743 0.269453
img124.png -0.0263414 0.0379183 0.559951 0.0380452 0.181054 -0.947726 0.259975
img125.png -0.0108528 0.0177533 0.547228 0.0517099 0.195378 0.949961 0.238178
img126.png -0.0109507 0.0172245 0.544156 0.0474816 0.196067 0.950561 0.236086
img127.png -0.0101149 0.0160951 0.543992 0.0472828 0.198855 0.950761 0.232971
img128.png -0.0101897 0.0158428 0.543123 0.0108905 0.19496 -0.952732 0.232752
img129.png -0.0105661 0.0165926 0.542655 0.0468902 0.184753 0.954922 0.227579
img130.png -0.0102432 0.016764 0.542743 0.0477213 0.192931 0.953788 0.225363
img131.png -0.0101969 0.0162382 0.539952 0.0436419 0.19281 0.954141 0.224797
img132.png -0.0107825 0.0141561 0.538493 0.0425832 0.193384 0.954743 0.221933
img133.png -0.0111026 0.01218 0.541193 0.0532883 0.185893 0.956555 0.218191
img134.png -0.0125594 0.0112198 0.539595 0.0495411 0.173959 0.959477 0.216074
img135.png -0.0138343 0.0113584 0.53691 0.00609759 0.177266 -0.95961 0.218377
img136.png -0.0137816 0.0104637 0.536293 0.0420095 0.177355 0.959711 0.213856
img137.png -0.0139133 0.00814127 0.536787 0.0473285 0.178424 0.959988 0.210589
img138.png -0.0143266 0.00605938 0.536345 0.00140522 0.178006 -0.960535 0.213738
img139.png -0.015722 0.00392078 0.539655 0.0541269 0.154316 0.964569 0.207035
img140.png -0.0190172 0.00296373 0.538349 0.0510458 0.158666 0.964876 0.203061
img141.png -0.0213453 0.00297502 0.53366 0.0417636 0.145853 0.967059 0.2044
img142.png -0.0220782 0.00272003 0.535009 0.0447301 0.141224 0.967941 0.202845
img143.png -0.031091 0.00808516 0.529486 0.0232065 0.112454 0.972937 0.20052
img144.png -0.0266526 0.00411982 0.529608 0.0244472 0.126117 0.972001 0.196751
img145.png -0.0267179 0.00109296 0.532506 0.0056896 0.137288 -0.971315 0.194078
img146.png -0.0245088 -0.0142254 0.527981 0.0325133 0.139536 0.97355 0.177969
img147.png -0.0257358 -0.0161974 0.52254 0.0247567 0.116591 0.977027 0.176666
img148.png -0.0256087 -0.0162527 0.524437 0.0282832 0.110429 0.978005 0.174675
img150.png -0.0263323 -0.0153991 0.521331 0.0133803 0.108464 -0.978827 0.173073
img151.png -0.0263343 -0.0152497 0.524249 0.00907974 0.0995216 -0.979513 0.174834
img152.png -0.0276252 -0.0135742 0.523192 0.0158838 0.0962197 -0.97948 0.176378
img153.png -0.0286191 -0.0130529 0.526769 0.00950084 0.105848 0.97802 0.179393
img154.png -0.0292286 -0.0129722 0.527329 0.020137 0.11175 -0.977081 0.180056
img156.png -0.0311829 -0.0121983 0.52738 0.026079 0.104681 -0.976483 0.186663
img157.png -0.031202 -0.0123895 0.526457 0.0312182 0.105434 -0.975699 0.189527
img159.png -0.0327736 -0.014063 0.527826 0.032622 0.0973945 -0.975504 0.194532
img160.png -0.0336383 -0.0131376 0.526427 0.0396628 0.101049 -0.974472 0.196519
img161.png -0.0340897 -0.0133658 0.526137 0.0456337 0.10039 -0.974059 0.197608
img162.png -0.0340896 -0.0141783 0.525416 0.0487153 0.0962106 -0.974015 0.199162
img163.png -0.0336468 -0.0151639 0.526953 0.0503792 0.0991205 -0.973275 0.200932
img164.png -0.0340702 -0.0165444 0.526489 0.0550863 0.0964398 -0.973391 0.200437
img165.png -0.034356 -0.0181595 0.527314 0.0577911 0.100145 -0.972909 0.200198
img166.png -0.0334186 -0.0206008 0.529656 0.0587359 0.105196 -0.972147 0.201034
img167.png -0.0335928 -0.0225603 0.529767 0.0615092 0.0973417 -0.97289 0.200563
img168.png -0.0342539 -0.0233562 0.531096 0.0648871 0.0973563 -0.972678 0.200521
img169.png -0.0350129 -0.0231967 0.532135 0.0713469 0.0917754 -0.97288 0.199977
img171.png -0.0365775 -0.0228868 0.532947 0.0827958 0.0913412 -0.972271 0.198725
img172.png -0.0370506 -0.0227573 0.536885 0.0843402 0.0899097 -0.97217 0.199218
img173.png -0.0408584 -0.0217331 0.539168 0.0990567 0.0871121 -0.971715 0.195879
img174.png -0.0421641 -0.0218018 0.537341 0.10723 0.0895059 -0.971188 0.193091
img175.png -0.041795 -0.0219926 0.539096 0.110972 0.0865611 -0.971089 0.192818
img176.png -0.0428708 -0.0220499 0.537566 0.119429 0.0782249 -0.971642 0.188491
img177.png -0.0430089 -0.0218043 0.54061 0.12253 0.082796 -0.971353 0.186025
img178.png -0.0438983 -0.0221217 0.539904 0.128785 0.0795316 -0.97163 0.181729
img179.png -0.0449179 -0.0231308 0.541784 0.131223 0.0815234 -0.971797 0.178169
img180.png -0.0463207 -0.0245475 0.539838 0.137367 0.0792183 -0.971773 0.174679
img181.png -0.0465039 -0.0264504 0.540138 0.141277 0.079752 -0.971616 0.17217
img182.png -0.0468802 -0.0288072 0.539507 0.144955 0.0805046 -0.971767 0.167854
img184.png -0.0474359 -0.0303921 0.54132 0.149592 0.0730956 -0.97247 0.163039
img185.png -0.0545439 -0.0460808 0.540036 0.154372 0.0637803 -0.973661 0.155196
img186.png -0.0585842 -0.0466328 0.539316 0.162786 0.0479439 -0.974217 0.148675
img187.png -0.0602894 -0.0456788 0.539673 0.166874 0.0479728 -0.973843 0.146565
img188.png -0.0619435 -0.0443426 0.53752 0.171743 0.0438626 -0.973602 0.143801
img189.png -0.0634223 -0.0414292 0.538896 0.18194 0.0425921 -0.972065 0.142032
img190.png -0.0648251 -0.0406725 0.539162 0.182651 0.0418701 -0.972039 0.141514
img191.png -0.066265 -0.04004 0.537388 0.186576 0.0377316 -0.97154 0.14098
img193.png -0.0684133 -0.0400949 0.540131 0.188883 0.0418439 -0.970751 0.14218
img194.png -0.0728127 -0.0430018 0.535083 0.190781 0.0359782 -0.970686 0.141696
img196.png -0.0751778 -0.0418747 0.532223 0.19684 0.0290254 -0.970061 0.139257
img197.png -0.0759437 -0.0412349 0.530338 0.200313 0.0257994 -0.969567 0.138379
img198.png -0.0759362 -0.0409386 0.529492 0.201938 0.0264026 -0.969116 0.139065
img199.png -0.0759115 -0.0406882 0.526335 0.204517 0.026513 -0.968665 0.138414
img200.png -0.0751671 -0.0411407 0.525774 0.205943 0.028721 -0.968384 0.137823
img201.png -0.0747153 -0.0416511 0.525308 0.206348 0.0251116 -0.968577 0.136559
img202.png -0.075497 -0.0411106 0.525199 0.207596 0.0218234 -0.968463 0.136041
img203.png -0.0775892 -0.0351908 0.522072 0.221452 0.0174492 -0.965606 0.13513
img204.png -0.0779878 -0.034708 0.521851 0.223079 0.0157697 -0.965173 0.135749
img206.png -0.0794977 -0.0337298 0.520261 0.226497 0.013183 -0.964102 0.137961
img207.png -0.0787475 -0.0340882 0.518177 0.228214 0.014145 -0.963397 0.139945
img209.png -0.0764858 -0.0370055 0.520246 0.227637 0.0157474 -0.962477 0.146873
img210.png -0.0776056 -0.0376256 0.517224 0.229504 0.0107309 -0.962064 0.147124
img211.png -0.0773213 -0.0379992 0.514379 0.231799 0.0102523 -0.961307 0.148504
img212.png -0.0775967 -0.0392444 0.516017 0.231759 0.00194392 -0.961594 0.147043
img213.png -0.0781046 -0.0372345 0.512632 0.236057 0.00112167 -0.960306 0.148622
img214.png -0.0759519 -0.0380574 0.514012 0.238279 0.00319641 -0.959724 0.148805
img216.png -0.0737703 -0.0375972 0.514393 0.240317 -0.00118117 -0.959273 0.148465
img217.png -0.0747402 -0.0370011 0.512487 0.244395 -0.00551877 -0.958506 0.146652
img218.png -0.0743609 -0.0367088 0.511843 0.246249 -0.00777872 -0.957898 0.147421
img219.png -0.0748791 -0.0370938 0.510165 0.24769 -0.0124808 -0.957737 0.145722
img220.png -0.0685968 -0.0358552 0.504059 0.254237 -0.0145229 -0.956709 0.140925
img222.png -0.0626331 -0.0362186 0.509373 0.251451 -0.0143876 -0.957321 0.14178
img223.png -0.0656959 -0.0350255 0.5068 0.256951 -0.0266153 -0.955861 0.139993
img224.png -0.024608 -0.0204513 0.506544 0.281351 -0.0177318 -0.948124 0.146932
img225.png -0.0223957 -0.0197381 0.507369 0.281032 -0.0199235 -0.948006 0.148018
img227.png -0.0190105 -0.0182265 0.511203 0.281986 -0.0167319 -0.946595 0.155441
img228.png -0.0193258 -0.0176586 0.509809 0.283072 -0.0148957 -0.945892 0.157912
img229.png -0.0178531 -0.0174453 0.510353 0.282744 -0.0147409 -0.945333 0.161815
img230.png -0.0176765 -0.0155841 0.512136 0.284598 -0.016837 -0.943737 0.167574
img231.png -0.0169592 -0.0154538 0.512338 0.283346 -0.0132916 -0.94334 0.172185
img233.png -0.0150143 -0.016605 0.507752 0.28043 -0.0161761 -0.940374 0.191818
img234.png -0.0146101 -0.0155315 0.504491 0.283399 -0.0134377 -0.938927 0.194734
img235.png -0.0123969 -0.0143982 0.502904 0.283979 -0.0110744 -0.937853 0.199159
img237.png -0.00884991 -0.0124231 0.502245 0.284048 -0.00929535 -0.935758 0.208777
img238.png -0.00731423 -0.0118343 0.504148 0.282906 -0.00671354 -0.93537 0.212137
img239.png -0.00678531 -0.0108179 0.502788 0.284416 -0.00859002 -0.934487 0.213935
img240.png -0.00675317 -0.010029 0.503157 0.285231 -0.00704062 -0.93361 0.216717
img241.png -0.00636345 -0.00937901 0.502217 0.284431 -0.00525762 -0.932633 0.221963
img242.png -0.0121929 -0.00338659 0.50233 0.290462 -0.0139064 -0.926341 0.239441
img243.png -0.0136999 -0.00268467 0.500198 0.292035 -0.0145681 -0.9247 0.24379
img244.png -0.0134417 0.000100951 0.497795 0.295716 -0.0120722 -0.921849 0.2502
img245.png -0.0117252 0.00131338 0.495387 0.296854 -0.0105592 -0.920038 0.255532
img246.png -0.0169128 0.00474879 0.495028 0.301249 -0.0164137 -0.914615 0.269182
img247.png -0.0173292 0.00552088 0.489781 0.305725 -0.0148696 -0.912242 0.272262
img248.png -0.0162281 0.00689645 0.492729 0.30419 -0.0141392 -0.911176 0.277536
img249.png -0.0155738 0.00950672 0.492865 0.305128 -0.0133711 -0.909112 0.283255
img250.png -0.0139951 0.0137768 0.491041 0.309381 -0.00982065 -0.90515 0.29136
img251.png -0.0142629 0.0174748 0.489348 0.311984 -0.00734993 -0.901273 0.300531
img252.png -0.0132239 0.018054 0.489447 0.311663 -0.00407026 -0.899336 0.306667
img253.png -0.012153 0.0184778 0.487626 0.313117 -0.00105538 -0.897362 0.310962
img254.png -0.00753202 0.018839 0.491267 0.30589 -0.00540977 -0.892397 0.331708
img255.png -0.00641995 0.0198343 0.493905 -0.193607 -0.0864864 0.856237 0.471058
img257.png -0.00568372 0.0264945 0.482112 0.310808 0.00526212 -0.884137 0.348816
img260.png -0.00440919 0.0306362 0.479606 0.309362 0.0113968 -0.880014 0.360195
img261.png -0.00549337 0.0299612 0.476922 0.306686 0.0128233 -0.879407 0.363899
img262.png -0.0048086 0.0290029 0.477739 0.30327 0.0135474 -0.879476 0.366559
img263.png -0.00549106 0.0282283 0.479549 0.299844 0.0133425 -0.880018 0.368081
img264.png -0.00592272 0.0285341 0.47901 0.298486 0.0102793 -0.880064 0.369172
img266.png -0.00512497 0.0334745 0.480458 0.298767 0.0155137 -0.883367 0.360777
img267.png -0.00598085 0.0330222 0.484381 0.295519 0.0149611 -0.885121 0.359174
img268.png -0.00620565 0.0340733 0.486126 0.293658 0.0163253 -0.887947 0.353621
img270.png -0.00675513 0.0318531 0.490263 0.287659 0.0264698 -0.890897 0.350505
img271.png -0.00628532 0.0304616 0.495761 0.282455 0.0250875 -0.893188 0.349005
img272.png -0.0065937 0.0295404 0.501447 0.278404 0.0294667 -0.894856 0.347644
img273.png -0.00826904 0.0277055 0.505803 0.275522 0.0296988 -0.89684 0.344795
img274.png -0.010652 0.0265701 0.509882 0.272902 0.0306215 -0.89852 0.342416
img275.png -0.0176027 0.0345884 0.549272 0.275965 0.0462005 -0.90736 0.313698
img276.png -0.0234168 0.0298693 0.564208 0.267387 0.0491988 -0.911545 0.308496
img277.png -0.0227949 0.0289924 0.585889 0.262916 0.0687218 -0.913477 0.302839
img279.png -0.0220679 0.00824496 0.646145 0.229698 0.118941 -0.920118 0.294065
img280.png -0.00634556 -0.0153044 0.694902 0.187528 0.194284 -0.922449 0.275996
img281.png -0.00598248 -0.0159924 0.703466 0.18411 0.201963 -0.922048 0.27412
img282.png -0.00151302 -0.00765089 0.727914 0.180842 0.228317 -0.920186 0.261583
img283.png -0.00840248 -0.0151146 0.749207 0.168054 0.249739 -0.919564 0.252569
img284.png -0.00725969 -0.0160357 0.752125 0.167555 0.25697 -0.918096 0.250983
img285.png -0.0130225 -0.0203813 0.763115 0.161292 0.263723 -0.918659 0.24597
img286.png -0.0364914 -0.0909606 0.814358 -0.00600078 0.390264 0.913141 0.117608
img287.png -0.078008 -0.0336856 0.859393 -0.0336262 0.40137 0.915243 -0.010069
img288.png -0.0912474 -0.0641269 0.888993 0.000357039 0.425011 0.903571 -0.0540793
img290.png -0.115341 -0.071004 0.923307 0.0238901 0.434314 0.898708 -0.0558993
img291.png -0.122236 -0.106403 1.01183 0.0825465 0.499201 0.855543 -0.109683
img292.png -0.02895 -0.0194389 0.815543 0.143274 0.408764 0.856512 -0.280665
img293.png -0.0518923 -0.0385351 0.781725 0.123507 0.458626 0.549456 -0.687391
img294.png -0.0320047 -0.0246887 0.808812 0.11247 0.501878 0.477005 -0.712696
img295.png -0.0293272 -0.0271914 0.811799 0.111123 0.506212 0.467968 -0.715826
img296.png -0.0260268 -0.0282962 0.815113 0.114125 0.513914 0.45859 -0.715935
img297.png -0.0242096 -0.0287114 0.819706 0.117577 0.519566 0.451574 -0.715757
img298.png -0.0191266 -0.0337465 0.825386 0.117653 0.530292 0.434378 -0.718515
img300.png -0.0115292 -0.0583219 0.85297 0.115003 0.597269 0.313919 -0.72904
img301.png -0.0220657 -0.102077 0.848695 0.142831 0.633609 0.250368 -0.717952
img302.png -0.0175141 -0.103012 0.849859 0.141017 0.640311 0.238385 -0.716441
img303.png -0.0174126 -0.103084 0.846942 0.148359 0.643033 0.23655 -0.713121
img304.png -0.042301 -0.0947897 0.830874 0.1718 0.720397 0.117049 -0.661674
img305.png -0.0294109 -0.118067 0.81368 0.19187 0.741129 0.100752 -0.635424
img306.png -0.0295092 -0.102909 0.796785 0.189583 0.743738 0.0992131 -0.6333
img307.png -0.0291972 -0.10257 0.788343 0.192984 0.744112 0.10212 -0.631368
img308.png -0.0307986 -0.0994125 0.75993 0.190176 0.748306 0.0981758 -0.62788
img309.png -0.0312899 -0.0883262 0.656287 0.211299 0.752655 0.123173 -0.611304
img310.png -0.0300692 -0.0873753 0.650848 0.216241 0.75356 0.127092 -0.607647
img311.png -0.0233569 -0.0670466 0.625119 0.230338 0.763639 0.133928 -0.588101
img313.png -0.0241177 -0.0667283 0.618664 0.235955 0.769118 0.135594 -0.578271
img315.png -0.0229659 -0.0636393 0.611418 0.245303 0.773299 0.140525 -0.567528
img316.png -0.0231602 -0.0630842 0.604858 0.252623 0.776766 0.145671 -0.558208
img317.png -0.0230655 -0.0662403 0.590052 0.268477 0.78312 0.158706 -0.53801
img318.png -0.0214758 -0.0769291 0.557607 0.30387 0.789044 0.193733 -0.497535
img319.png -0.0214164 -0.075982 0.555052 0.305106 0.789448 0.195385 -0.495486
img320.png -0.0197689 -0.0758393 0.549179 0.31205 0.787748 0.204498 -0.490161
img322.png -0.0176232 -0.074144 0.539032 0.322773 0.786104 0.217024 -0.480374
img324.png -0.01581 -0.073319 0.532585 0.327968 0.785816 0.223385 -0.474373
img325.png -0.0144375 -0.0729456 0.529738 0.330702 0.785643 0.226058 -0.471486
img327.png -0.0112011 -0.0722899 0.521649 0.336059 0.783626 0.235578 -0.466366
img328.png -0.0101173 -0.0711318 0.515859 0.343128 0.781392 0.242779 -0.461247
img329.png -0.0103591 -0.0711792 0.512083 0.346455 0.780168 0.247855 -0.458121
img330.png -0.00998879 -0.0715537 0.506288 0.351083 0.778951 0.253478 -0.453569
img331.png -0.00920215 -0.0703195 0.502862 0.353815 0.77872 0.256548 -0.450103
img332.png -0.00933507 -0.068812 0.500917 0.356693 0.778138 0.259226 -0.447296
img334.png -0.0109606 -0.0687974 0.490662 0.364197 0.775612 0.270409 -0.438937
img335.png -0.0108204 -0.0670177 0.484008 0.369726 0.773026 0.277367 -0.434512
img336.png -0.010701 -0.0665294 0.478593 0.374441 0.770882 0.28337 -0.430391
img337.png -0.0113594 -0.0657365 0.476148 0.377235 0.76875 0.288195 -0.428556
img338.png -0.0116111 -0.0654789 0.47051 0.381102 0.765654 0.294771 -0.426199
img339.png -0.0113799 -0.06471 0.46652 0.386767 0.761639 0.301956 -0.42325
img340.png -0.010897 -0.0662383 0.45368 0.406833 0.743099 0.32867 -0.417453
img341.png 0.0101257 -0.023094 0.448701 0.525417 0.567617 0.476384 -0.418098
img343.png 0.0547474 -0.0337073 0.508579 0.448751 0.661961 0.367364 -0.474841
img344.png 0.0560212 -0.0343764 0.515785 0.441531 0.668762 0.357694 -0.47944
img345.png 0.0739031 -0.0368929 0.552457 0.402157 0.707319 0.30051 -0.497658
img346.png 0.0755144 -0.03763 0.559701 0.39516 0.712728 0.290603 -0.501416
img347.png 0.0772337 -0.0376693 0.573083 0.382794 0.722636 0.273527 -0.506408
img348.png 0.115803 -0.0539821 0.681207 0.27479 0.79954 0.111987 -0.522193
img349.png 0.0620619 -0.0752859 0.798386 0.146964 0.775321 0.0296173 -0.613516
img350.png -0.0762229 -0.0368751 0.86604 0.514439 -0.236374 -0.574247 -0.591371
img351.png -0.101665 -0.0571093 0.911637 0.488169 -0.0198642 -0.704862 -0.514262
img352.png -0.103312 -0.0569896 0.906731 0.483785 -0.0123566 -0.709271 -0.512575
img353.png -0.0996841 -0.104077 0.828792 0.394074 0.0106503 -0.762076 -0.513646
img354.png -0.0331418 -0.0848334 0.789525 0.331754 0.057716 -0.840237 -0.424982
img355.png -0.03296 -0.0797051 0.787512 0.322502 0.0629857 -0.853245 -0.404967
img356.png -0.0356207 -0.0742223 0.789956 0.312243 0.0744625 -0.865807 -0.383848
img357.png -0.0332281 -0.0411146 0.850255 0.265008 0.162026 -0.950508 -0.00735187
img358.png -0.00882867 0.107378 0.9261 0.164932 0.400973 -0.883915 0.175249
img359.png 0.00786508 0.101282 0.916902 0.15801 0.443686 -0.87558 0.107407
img360.png -0.00180339 0.0453151 0.812535 0.0704723 0.54157 0.836568 -0.0434785
img361.png -0.0210268 0.0464496 0.790021 0.0850202 0.53811 0.837785 -0.0364076
img364.png 0.00491537 0.0219154 0.679487 0.171109 0.561396 0.808805 -0.0372935
img365.png -0.00734275 0.027572 0.660358 0.16776 0.548733 0.818688 -0.0223327
img366.png -0.00686836 0.0268382 0.649929 0.169493 0.545294 0.820661 -0.0210298
img367.png -0.00628633 0.051734 0.625333 0.175396 0.543557 0.820839 -0.00249972
img368.png -0.0114272 0.0590815 0.601374 0.174302 0.541017 0.822736 0.00495712
img369.png -0.0144673 0.0698463 0.580209 0.167151 0.532332 0.829565 0.0224814
img370.png -0.0126093 0.0690079 0.565618 0.169405 0.538525 0.825219 0.0174883
img371.png -0.0140144 0.0712531 0.559528 0.169188 0.539302 0.824764 0.0171379
img372.png -0.0159519 0.0745694 0.552898 0.164752 0.539278 0.825613 0.0199728
img374.png -0.0138236 0.0780222 0.543083 0.166244 0.545406 0.821253 0.0209378
img375.png -0.0164997 0.0806825 0.536604 0.162882 0.542106 0.823899 0.0279552
img376.png -0.0174119 0.0820686 0.531935 0.163194 0.54348 0.822868 0.029768
img377.png -0.0196717 0.0816531 0.526839 0.161832 0.54551 0.821818 0.0290538
img378.png -0.0222265 0.0807515 0.520234 0.159548 0.539916 0.825791 0.03322
img379.png -0.0220868 0.0789314 0.515998 0.162727 0.542306 0.823732 0.0298413
img380.png -0.023865 0.0795212 0.513841 0.161687 0.538147 0.826697 0.0287659
img381.png -0.0236489 0.0809763 0.510215 0.156849 0.537774 0.827672 0.0340178
img382.png -0.0232099 0.0801356 0.506531 0.154012 0.541255 0.825917 0.0344092
img383.png -0.0230598 0.0788042 0.503634 0.153189 0.543169 0.824834 0.0339092
img384.png -0.0227483 0.0763243 0.500231 0.152902 0.541781 0.825806 0.0337646
img385.png -0.0216403 0.0744925 0.498899 0.152345 0.544432 0.824223 0.0322488
img386.png -0.0208839 0.0736199 0.497583 0.15093 0.542308 0.825761 0.0352188
img387.png -0.019146 0.0721838 0.49589 0.152764 0.546834 0.8225 0.0336069
img389.png -0.0170196 0.0707531 0.494664 0.151861 0.547926 0.82182 0.0364469
img390.png -0.0153334 0.0698538 0.495024 0.156085 0.548067 0.820968 0.0356496
img391.png -0.0157719 0.0697474 0.493267 0.15297 0.553618 0.81778 0.0366521
img392.png -0.0172135 0.0690905 0.491711 0.150933 0.55245 0.818761 0.0406033
img393.png -0.0184247 0.0676289 0.490284 0.150401 0.550204 0.820369 0.0406281
img394.png -0.0212143 0.065607 0.49035 0.150446 0.551995 0.819104 0.0416801
img395.png -0.0239882 0.0651258 0.490288 0.147666 0.546967 0.822716 0.0464811
img396.png -0.0256804 0.0613536 0.488626 0.14337 0.5483 0.822479 0.0483807
img397.png -0.0258194 0.0597333 0.488948 0.140802 0.545995 0.824291 0.0510656
img399.png -0.0249639 0.0568259 0.48854 0.133062 0.545076 0.825741 0.0577713
img401.png -0.00839956 0.0390207 0.485407 0.120723 0.561945 0.816854 0.0489211
img402.png 0.0695652 0.0146328 0.568563 0.0351135 0.561461 -0.73031 0.387524
img403.png 0.0568044 0.0220482 0.585505 0.0329718 0.548789 -0.738292 0.390729
img404.png 0.0504292 0.0236361 0.59657 0.0265117 0.540833 -0.74335 0.392717
img406.png 0.0519348 0.0230816 0.611204 0.021053 0.541487 -0.745364 0.388306
img409.png 0.0482217 0.031842 0.637292 0.0233302 0.543297 -0.747488 0.381505
img410.png 0.0016915 0.0179435 0.658854 0.242942 0.476513 0.811344 0.23587
img411.png -0.00287294 0.0169771 0.66089 0.241396 0.47454 0.814259 0.231349
img412.png -0.00540624 0.017482 0.665741 0.237384 0.469647 0.819412 0.227254
img413.png -0.00821878 0.0195244 0.669083 0.229854 0.465348 0.823975 0.227342
img414.png -0.00773321 0.0198908 0.669656 0.224801 0.469606 0.824975 0.219888
img415.png -0.0132041 0.0324837 0.694818 0.205092 0.472553 0.834548 0.195348
img416.png -0.0137866 0.0383243 0.706043 0.195404 0.47161 0.839764 0.184925
img417.png -0.0128507 0.0404515 0.710056 0.190531 0.474233 0.840444 0.180153
img419.png -0.00999341 0.0119474 0.727722 0.170699 0.490887 0.847729 0.10605
img420.png -0.0213322 0.00762346 0.733033 0.160798 0.484228 0.855636 0.0869209
img421.png -0.0342458 0.014828 0.749074 0.139465 0.480111 0.864907 0.0444739
img423.png -0.0448133 0.0200108 0.749654 0.118214 0.478531 0.869771 0.0230622
img424.png -0.0370032 -0.00519812 0.749103 0.111045 0.489634 0.863297 -0.0514464
img425.png -0.0348204 -0.00658521 0.748981 0.115369 0.494917 0.859288 -0.0580652
img426.png -0.034773 -0.007365 0.747581 0.116903 0.494705 0.858918 -0.0621302
img427.png -0.0395912 -0.00630522 0.739788 0.118034 0.488068 0.861812 -0.0716791
img429.png -0.0367962 -0.0080817 0.724066 0.118277 0.482882 0.861852 -0.100232
img430.png -0.0335688 -0.00828905 0.723789 0.123531 0.485575 0.857781 -0.114755
img431.png -0.0415383 0.0263345 0.701229 0.105021 0.479839 0.854013 -0.171426
img432.png -0.0439839 0.0279543 0.696319 0.099981 0.478543 0.85336 -0.181044
img433.png -0.0451756 0.0272084 0.693302 0.103237 0.474768 0.851665 -0.196478
img434.png -0.052011 0.0431962 0.690666 0.0864593 0.471886 0.847625 -0.22667
img435.png -0.0492862 0.0428339 0.688143 0.0870661 0.473239 0.843046 -0.240287
img436.png -0.0776825 0.076964 0.688525 0.0647771 0.471502 0.829931 -0.291041
img437.png -0.0826274 0.0770516 0.688044 0.0660113 0.465145 0.831359 -0.296859
img438.png -0.098106 0.09433 0.696296 0.0593864 0.450713 0.834958 -0.310124
img439.png -0.11336 0.0986972 0.707885 0.0588449 0.438013 0.834549 -0.328954
img440.png -0.116744 0.0974541 0.711513 0.0581337 0.432411 0.834693 -0.33605
img441.png -0.117647 0.0961193 0.715268 0.0631048 0.427861 0.833305 -0.344318
img442.png -0.0849777 0.0996612 0.773594 0.0462612 0.448789 0.795765 -0.403987
img443.png -0.0624515 0.0958135 0.810784 0.0458991 0.460897 0.770461 -0.438015
img444.png 0.0221745 0.0770673 0.777663 0.0873024 0.239127 0.84486 -0.470541
img445.png 0.020796 0.0732853 0.7725 0.0932462 0.216999 0.860074 -0.452205
img446.png -0.011372 0.0672229 0.75822 0.0701963 0.121247 0.955808 -0.258461
img447.png -0.0104432 0.0635473 0.753252 0.0775487 0.124764 0.95914 -0.241806
img448.png -0.0107427 0.0633152 0.75429 0.0762817 0.118101 0.96132 -0.236849
img449.png -0.0133337 0.0636298 0.754722 0.00259443 0.113757 -0.962596 -0.245889
img450.png -0.0145688 0.0638716 0.755569 0.061542 0.117588 0.965496 -0.224059
img451.png -0.0142429 0.0648288 0.757601 0.0757154 0.12928 0.965322 -0.213793
img452.png -0.0130006 0.0662357 0.759436 0.0634068 0.128081 0.967375 -0.209188
img453.png -0.0133107 0.0676482 0.757715 0.0653615 0.117614 0.970763 -0.198782
img454.png -0.0122563 0.0674192 0.761449 0.0625082 0.13054 0.970779 -0.191418
img455.png -0.0107859 0.0665968 0.760368 0.0691851 0.120261 0.973999 -0.179097
img457.png -0.0128157 0.0147736 0.755369 0.0184629 0.133226 -0.990894 0.00630995
img458.png -0.0103283 0.0110708 0.75394 -0.0174551 0.150523 0.988081 0.0270984
img459.png -0.0157681 0.0129365 0.762897 -0.00499553 0.124962 0.989778 0.0685543
img460.png -0.0175072 0.0132423 0.766891 -0.00612346 0.131158 0.988415 0.0761343
img461.png -0.0200178 0.0142886 0.76301 0.0330845 0.124956 -0.987768 0.0872102
img462.png -0.020925 0.00999322 0.763263 0.0278217 0.119399 -0.987209 0.101927
img463.png -0.0227097 0.00933363 0.767811 0.0219025 0.119818 -0.986567 0.108852
img464.png -0.0260991 0.010015 0.763303 0.0334166 0.113343 -0.986059 0.117147
img465.png -0.0272658 0.00819223 0.762741 0.0394067 0.126323 -0.983649 0.122166
img466.png -0.0282272 0.00560452 0.760625 -0.0189168 0.130224 0.982383 0.132691
img468.png -0.0296729 0.00116422 0.765212 0.033773 0.129678 -0.981354 0.137794
img469.png -0.0312086 -0.00138467 0.762387 0.0423378 0.129137 -0.980697 0.140585
img470.png -0.0323251 -0.00414353 0.764662 0.0389047 0.137457 -0.979117 0.144643
img471.png -0.033455 -0.00693557 0.760166 -0.0187311 0.13956 0.97795 0.154229
img472.png -0.0334494 -0.0100907 0.762912 0.0419374 0.140899 -0.97803 0.147806
img473.png -0.0336791 -0.0126612 0.761586 -0.0141133 0.131317 0.978952 0.155592
img475.png -0.033354 -0.0162221 0.760924 0.0460485 0.132172 -0.978836 0.149302
img476.png -0.0325846 -0.0182474 0.760907 0.042393 0.125206 -0.979902 0.149393
img477.png -0.0322574 -0.0200566 0.763121 -0.0166771 0.13315 0.97851 0.15656
img478.png -0.0314408 -0.0265776 0.763471 -0.0144329 0.146592 0.976864 0.155043
img479.png -0.0315768 -0.0290078 0.762426 0.045306 0.142797 -0.977644 0.147539
img480.png -0.0310189 -0.031029 0.763918 0.0419478 0.141119 -0.978095 0.147163
img481.png -0.0304094 -0.0327525 0.763164 0.0379607 0.136883 -0.978676 0.148375
img482.png -0.0308222 -0.0347976 0.763144 -0.0144411 0.141989 0.977925 0.152624
img483.png -0.0311926 -0.0364024 0.76065 0.0436787 0.137867 -0.978896 0.144386
img484.png -0.0304501 -0.0389383 0.766135 -0.0108467 0.1566 0.976413 0.148242
img485.png -0.0308779 -0.0415913 0.765543 -0.00971272 0.152738 0.977431 0.145624
img486.png -0.0316814 -0.0434203 0.764067 -0.00922393 0.144108 0.978994 0.143941
img487.png -0.0331979 -0.0458952 0.760323 -0.013645 0.148561 0.978204 0.144433
img488.png -0.0333921 -0.0489027 0.760354 -0.0109624 0.147601 0.978917 0.140763
img489.png -0.033505 -0.0508222 0.762081 0.0369949 0.14612 -0.979319 0.134965
img490.png -0.0336827 -0.0522306 0.762418 -0.0106201 0.151647 0.978919 0.136408
img491.png -0.0337922 -0.0524417 0.758011 -0.0170004 0.146256 0.979557 0.137072
img492.png -0.0333294 -0.0541662 0.762434 0.0353993 0.139441 -0.980953 0.130516
img493.png -0.034034 -0.0542109 0.765884 0.0320167 0.142549 -0.980472 0.131637
img494.png -0.0355637 -0.053262 0.763826 -0.00959321 0.142637 0.980052 0.138063
img495.png -0.0368136 -0.0542294 0.768103 -0.00509111 0.151607 0.978853 0.137247
img496.png -0.0386463 -0.0550435 0.766609 0.0341367 0.153699 -0.978059 0.136428
img498.png -0.0508921 -0.0513154 0.773088 0.0296103 0.154262 -0.974951 0.157473
img500.png -0.0564473 -0.0491208 0.776219 0.0290289 0.163249 -0.972323 0.164608
img501.png -0.0577536 -0.0492461 0.77713 0.00560472 0.159072 0.972624 0.169314
img503.png -0.0720036 -0.0453923 0.782456 0.0290228 0.16056 -0.97158 0.171494
img504.png -0.0812333 -0.0432662 0.780557 0.0365537 0.155009 -0.972088 0.172279
img505.png -0.0827305 -0.044741 0.776111 -0.00231485 0.167265 0.969351 0.179932
img506.png -0.0951377 -0.0391056 0.786217 0.0386923 0.152724 -0.971243 0.178511
img508.png -0.1036 -0.030439 0.791058 0.0397822 0.146082 -0.972263 0.178276
img509.png -0.104783 -0.0295083 0.789322 -0.0131824 0.150416 0.971263 0.183981
img511.png -0.105753 -0.0278598 0.791065 0.0536571 0.153964 -0.973335 0.161353
img512.png -0.0982706 -0.0310833 0.793663 0.0506181 0.157853 -0.976325 0.138956
img513.png -0.0970054 -0.0309503 0.797747 0.0501174 0.161722 -0.976697 0.131902
img514.png 0.00757604 0.175409 0.787025 -0.001377 0.192397 -0.97077 -0.143479
img515.png 0.00776551 0.172712 0.781023 -0.00858313 0.178044 -0.97265 -0.148925
img516.png 0.0103026 0.171912 0.784174 -0.00612703 0.188379 -0.970081 -0.15303
img517.png 0.0139787 0.162836 0.776644 -0.00681177 0.168769 -0.972172 -0.162332
img518.png 0.0153774 0.161116 0.778224 -0.00491743 0.166164 -0.972206 -0.164866
img519.png 0.0138617 0.159676 0.774981 -0.005654 0.147239 -0.975238 -0.164923
img520.png 0.0285977 0.00443661 0.759631 0.000191343 0.160043 -0.975417 -0.151487
img522.png 0.023485 -0.0123895 0.767964 0.0180336 0.209762 0.968199 -0.135148
img523.png 0.0212618 -0.0164836 0.775273 0.0898377 0.178671 0.972535 -0.11909
img524.png 0.00994118 -0.0204716 0.751845 0.00293894 0.144845 -0.983458 -0.108724
img526.png 0.00160772 -0.0347738 0.754858 0.00764196 0.181531 0.9795 -0.0869885
img527.png -0.000495848 -0.0390833 0.744364 0.00221906 0.156603 0.984373 -0.080507
img528.png -0.00128654 -0.0424063 0.749425 0.0069346 0.163229 0.98363 -0.0760242
img529.png -0.00413404 -0.0442304 0.747262 0.0043219 0.147741 0.98661 -0.0689487
img531.png -0.013289 -0.0536702 0.743808 0.000483776 0.141954 0.988786 -0.0463736
img532.png -0.0177275 -0.058091 0.743631 0.00291722 0.140081 0.989549 -0.0340958
img534.png -0.0245828 -0.0660235 0.746719 0.00628289 0.151524 0.988269 -0.0180644
img535.png -0.0281439 -0.0676835 0.74565 0.0059698 0.139517 -0.99017 -0.00793307
img536.png -0.0390878 -0.0776352 0.740461 -0.0016377 0.151734 0.988282 0.0165397
img537.png -0.0407514 -0.0823749 0.741839 0.00570999 0.136975 -0.990324 0.0215165
img538.png -0.0436232 -0.0835827 0.740066 0.0037947 0.142194 0.989534 0.024276
img539.png -0.0501494 -0.0948455 0.735335 -0.00102588 0.139983 0.98939 0.0388757
img540.png -0.0532743 -0.10214 0.741005 0.0106746 0.150913 0.98756 0.0428674
img541.png -0.056211 -0.104751 0.735503 0.00379302 0.136366 0.989557 0.0465532
img542.png -0.0588566 -0.107564 0.735277 0.00192238 0.13288 0.98984 0.0505553
img543.png -0.0597614 -0.108438 0.739045 0.00238015 0.144414 0.988175 0.0514685
img544.png -0.061514 -0.107785 0.732875 0.017819 0.121233 -0.990798 0.0574779
img545.png -0.062284 -0.107293 0.738579 0.0155928 0.124464 -0.990405 0.0580043
img546.png -0.0643585 -0.105145 0.741028 0.0201331 0.128517 -0.989672 0.0602239
img547.png -0.0686628 -0.102732 0.73906 0.0307787 0.115707 -0.990705 0.064561
img548.png -0.069487 -0.102304 0.734149 0.0386862 0.107664 -0.991348 0.0643455
img549.png -0.0702368 -0.101648 0.737387 -0.0277952 0.1062 0.991794 0.0655318
img550.png -0.0738706 -0.0983816 0.741828 -0.0365004 0.117594 0.990559 0.0602605
img551.png -0.0747766 -0.0978633 0.742041 0.0526478 0.113645 -0.990714 0.0528999
img552.png -0.075728 -0.0985766 0.741688 0.0550629 0.11243 -0.990839 0.0506579
img553.png -0.0766253 -0.101211 0.739293 0.0621599 0.107653 -0.991165 0.0462458
img555.png -0.0760154 -0.106557 0.735909 -0.0533674 0.115452 0.991169 0.0374941
img556.png -0.0759907 -0.109741 0.738836 0.0624237 0.102892 -0.992326 0.0283673
img557.png -0.077161 -0.110173 0.7358 0.0676303 0.101026 -0.992277 0.024614
img558.png -0.0759955 -0.111346 0.736468 -0.0610443 0.104428 0.992445 0.0205413
img559.png -0.0740859 -0.113097 0.733504 0.0738271 0.0990742 -0.992233 0.0143988
img560.png -0.0717726 -0.115511 0.733336 0.0736473 0.0915513 -0.993025 0.00979528
img561.png -0.0700838 -0.114287 0.734483 0.0872511 0.0875115 -0.992331 -0.00296409
img563.png -0.0676678 -0.114609 0.73849 0.0876115 0.0837233 -0.992543 -0.0131225
img564.png -0.0687919 -0.110783 0.740218 0.0956891 0.0798741 -0.992046 -0.017583
img565.png -0.0696234 -0.108983 0.738498 0.0994579 0.0782821 -0.99173 -0.021242
img566.png -0.0670518 -0.108401 0.739589 0.104221 0.0772578 -0.991222 -0.025444
img568.png -0.0681325 -0.111644 0.731785 0.106968 0.0704039 -0.991316 -0.0298849
img569.png -0.0693928 -0.113051 0.730833 0.103837 0.0607254 -0.992202 -0.0326296
img570.png -0.0727451 -0.109379 0.726888 0.110602 0.0564664 -0.991697 -0.0334082
img571.png -0.0706817 -0.10977 0.726374 0.113302 0.0615065 -0.99105 -0.0346332
img572.png -0.0706928 -0.110617 0.725629 0.112587 0.0532302 -0.991506 -0.0375161
img573.png -0.0711199 -0.108734 0.721923 0.117687 0.0551227 -0.990759 -0.0388262
img574.png -0.0476455 -0.112704 0.720133 0.121432 0.0771318 -0.988199 -0.0526066
img575.png -0.05244 -0.111067 0.715494 0.125317 0.0656099 -0.988573 -0.0520998
img576.png -0.0602061 -0.109845 0.715573 0.127267 0.0684878 -0.987907 -0.0561436
img577.png -0.0684061 -0.108118 0.714522 0.128116 0.0654994 -0.987955 -0.0569352
img579.png -0.0780228 -0.103389 0.708634 0.134015 0.0518861 -0.987898 -0.0583479
img580.png -0.0817588 -0.101953 0.706497 0.137465 0.0580853 -0.987111 -0.0578087
img581.png -0.0648192 -0.109957 0.696266 0.142543 0.084309 -0.983897 -0.0672352
img582.png -0.0644896 -0.107436 0.699126 0.143553 0.0911804 -0.983185 -0.0665248
img583.png -0.0648032 -0.105941 0.69398 0.147575 0.0929975 -0.982561 -0.0644013
img584.png -0.0631998 -0.106239 0.692928 0.151364 0.103205 -0.981082 -0.0625773
img585.png -0.0606719 -0.107947 0.695139 0.15043 0.114587 -0.980093 -0.0604783
img587.png -0.0595321 -0.110645 0.694875 0.140526 0.12306 -0.980725 -0.0573302
img588.png -0.0601824 -0.110563 0.69396 0.138108 0.124117 -0.981041 -0.0555009
img589.png -0.0616021 -0.110296 0.697344 0.133859 0.128183 -0.981223 -0.0534019
img590.png -0.0696293 -0.106108 0.698952 0.130031 0.124453 -0.982601 -0.0458007
img591.png -0.0733492 -0.102231 0.69897 0.129419 0.129019 -0.982377 -0.0392543
img592.png -0.0758532 -0.0989214 0.694272 0.133934 0.134409 -0.981249 -0.0338533
img593.png -0.0768216 -0.0974098 0.69554 0.130131 0.138619 -0.981272 -0.0309076
img594.png -0.0774664 -0.0942622 0.696795 0.129089 0.139376 -0.981436 -0.0263525
img595.png -0.0793268 -0.090547 0.700776 0.126516 0.142756 -0.981394 -0.0218954
img596.png -0.0812919 -0.0768892 0.699703 0.122913 0.166832 -0.978288 0.00339125
img597.png -0.0800883 -0.0728383 0.699056 0.124781 0.175301 -0.976488 0.0130441
img598.png -0.0807262 -0.0689194 0.7031 0.118794 0.187176 -0.974887 0.0211736
img599.png -0.0846789 -0.0564327 0.709492 0.114661 0.193819 -0.973537 0.0388964
img600.png -0.0869601 -0.0510327 0.715468 0.111901 0.206206 -0.970798 0.05009
img601.png -0.090563 -0.0473157 0.711995 0.112329 0.217945 -0.967576 0.0606502
img602.png -0.0916367 -0.0449024 0.712786 0.10866 0.220384 -0.966805 0.0700824
img603.png -0.0929598 -0.0446529 0.713991 0.101908 0.238322 -0.962005 0.0858109
img604.png -0.0934937 -0.0440957 0.712183 0.100513 0.243459 -0.960132 0.0936527
img605.png -0.0922469 -0.045579 0.718768 0.0917825 0.262286 -0.955392 0.10004
img606.png -0.0953003 -0.0443435 0.721111 0.091843 0.262015 -0.955068 0.103723
img607.png -0.0947163 -0.0404742 0.733987 0.0887053 0.287865 -0.946232 0.117939
img608.png -0.0954199 -0.0402346 0.736931 0.0914356 0.291641 -0.943845 0.125469
img610.png -0.0985784 -0.0440487 0.76142 0.00317596 0.337614 0.934291 0.114487
img611.png -0.102277 -0.0403914 0.765991 0.0823996 0.319792 -0.933977 0.136495
img612.png -0.104539 -0.0384552 0.776792 0.0813389 0.327058 -0.9306 0.142831
img613.png -0.103093 -0.0376664 0.780241 0.081208 0.332216 -0.928522 0.144513
img614.png -0.103494 -0.0366346 0.788752 0.0794688 0.337581 -0.926807 0.144061
img615.png -0.108378 -0.0287647 0.798024 0.0158689 0.368174 0.919113 0.139381
img616.png -0.106977 -0.0269593 0.811113 0.0760308 0.347016 -0.920221 0.164295
img617.png -0.101643 -0.0240838 0.824545 0.0746332 0.368818 -0.909966 0.174259
img618.png -0.0948244 -0.0278135 0.828668 0.0445 0.401949 0.901846 0.152083
img619.png -0.091732 -0.0303928 0.833929 0.0695737 0.390289 -0.900139 0.180509
img621.png -0.0931223 -0.0334663 0.852613 0.0653963 0.398951 -0.895006 0.188484
img622.png -0.0948566 -0.0343232 0.86098 0.0603099 0.406823 -0.890252 0.195724
img623.png -0.0954968 -0.0448942 0.881456 0.107506 0.438966 0.876498 0.165839
img624.png -0.203801 0.11957 0.813371 0.238936 0.348667 0.870822 0.251017
img626.png -0.165832 0.200702 0.703398 0.207743 0.295553 0.901652 0.23773
img627.png -0.170996 0.199943 0.682514 0.197065 0.276596 0.912668 0.22737
img628.png -0.175693 0.19599 0.661006 0.191661 0.252071 0.923617 0.216002
img629.png -0.174614 0.188649 0.643332 0.192819 0.238036 0.930354 0.201497
img630.png -0.166685 0.200421 0.730417 0.135874 0.304485 0.87727 -0.34529
img631.png -0.0270879 -0.0311579 0.765924 0.010052 0.446724 0.713839 -0.539231
img632.png -0.016981 -0.0406929 0.794561 -0.00397395 0.471383 0.713394 -0.518509
img633.png -0.0164699 -0.0388472 0.799286 -0.00270394 0.470373 0.716329 -0.515378
img634.png -0.0328491 0.0121199 0.843734 -0.041023 0.485163 0.747909 -0.451183
img635.png -0.0405551 0.0167838 0.840365 -0.0522885 0.485818 0.757744 -0.432518
img636.png -0.0369958 0.0127326 0.842078 -0.0458454 0.488105 0.762765 -0.421712
img637.png -0.0378717 0.011322 0.840046 -0.0462566 0.486724 0.765831 -0.417687
img638.png -0.030946 0.00110066 0.830545 -0.0409998 0.476564 0.783201 -0.397242
img639.png -0.0339906 0.00135927 0.822994 -0.0379407 0.477732 0.789577 -0.383276
img640.png -0.0351577 0.0030412 0.818934 -0.0371605 0.470779 0.797106 -0.376309
img641.png -0.0346729 0.00695367 0.799874 -0.0316385 0.455479 0.820069 -0.345
img642.png -0.0236616 0.00360218 0.772378 -0.0171935 0.442899 0.83984 -0.31339
img643.png -0.0206646 0.00849069 0.764709 -0.0184117 0.44592 0.842319 -0.302184
img644.png -0.0100252 0.0176144 0.728731 -0.0148813 0.437291 0.862012 -0.255912
img645.png -0.0118693 0.0200624 0.707515 -0.010657 0.42321 0.877913 -0.223717
img647.png -0.0137392 0.0249121 0.697146 0.128862 0.396021 -0.899115 -0.134738
img648.png -0.0170181 0.0289754 0.690288 -0.00574214 0.412092 0.895434 -0.168359
img649.png -0.0196359 0.0305231 0.680589 -0.00138926 0.394444 0.906893 -0.14818
img650.png -0.0209262 0.0331728 0.675336 0.000116981 0.383646 0.914451 -0.128825
img651.png -0.019671 0.0350012 0.670995 0.0043774 0.386564 0.915746 -0.10935
img652.png -0.0185394 0.035521 0.664789 0.00424829 0.380928 0.920092 -0.0911347
img653.png -0.0169585 0.0360863 0.661783 0.00693573 0.374577 0.924303 -0.0728493
img654.png -0.00568597 0.0351665 0.653397 0.0169341 0.365137 0.930542 -0.0219188
img655.png -0.00315824 0.0375199 0.653377 0.0256616 0.357626 0.933494 -0.00576319
img656.png 0.000410371 0.0422862 0.650796 0.0252685 0.353888 0.934845 0.0137925
img657.png 0.00787773 0.0460923 0.648338 0.0393954 0.368879 0.927498 0.0460794
img658.png 0.00661364 0.0542038 0.645674 0.0439232 0.355555 -0.926844 0.112303
img659.png 0.00551381 0.0562304 0.642974 0.0490142 0.362361 0.925373 0.0998811
img660.png 0.00543065 0.0587763 0.642401 0.0577277 0.365328 0.921799 0.116147
img661.png -0.0154938 0.027319 0.571947 0.0231061 0.37214 -0.733999 0.567648
img662.png -0.0128085 0.0285335 0.566346 0.0267754 0.371803 -0.72929 0.573744
img663.png -0.0101933 0.0280917 0.56004 0.0278022 0.379207 -0.720633 0.579756
img664.png -0.0126626 0.0256946 0.469569 0.0219587 0.385504 -0.643437 0.660978
img665.png -0.0104367 0.0259207 0.462839 0.0256399 0.387206 -0.636354 0.666684
img666.png -0.00841702 0.0260788 0.457558 0.0237117 0.39146 -0.629094 0.671147
img667.png -0.00582932 0.0266598 0.450751 0.0284536 0.389469 -0.625153 0.675787
img668.png -0.00213815 0.0272106 0.447522 0.0268787 0.394367 -0.617975 0.679602
img669.png 0.0108019 0.0305756 0.432563 0.0295873 0.418779 -0.590104 0.689584
img670.png 0.0106362 0.0295752 0.416515 0.0284202 0.41799 -0.576145 0.701808
img671.png 0.0123134 0.0307415 0.411482 0.0288406 0.426057 -0.567598 0.703901
img672.png -0.00931533 0.0342164 0.368215 0.0405525 0.402031 -0.54875 0.731847
img673.png -0.00823598 0.0352009 0.364796 0.0444895 0.39793 -0.550072 0.732867
img675.png -0.00340454 0.0364724 0.359943 0.0483242 0.400678 -0.548241 0.732499
img676.png -0.00137427 0.0364567 0.360907 0.0438612 0.402678 -0.545901 0.733429
img677.png 2.72442e-05 0.0367471 0.358035 0.0467865 0.406398 -0.545498 0.731494
img678.png 0.00215281 0.0366561 0.359418 0.0429795 0.405964 -0.544192 0.73294
img679.png 0.0031131 0.0367865 0.360087 0.0417458 0.408378 -0.543531 0.73216
img680.png 0.0038827 0.0373659 0.360912 0.0404117 0.409105 -0.543177 0.732092
img682.png 0.00563937 0.0390841 0.363167 0.0414038 0.409102 -0.544131 0.731329
img683.png 0.00587568 0.0397888 0.361685 0.0458552 0.409841 -0.545508 0.729623
img684.png 0.00585655 0.039259 0.361987 0.0469012 0.409408 -0.547117 0.728593
img685.png 0.00621038 0.0383675 0.364322 0.0422446 0.410808 -0.546421 0.728613
img686.png 0.00645569 0.0373967 0.366328 0.0405627 0.409734 -0.547567 0.728453
img687.png 0.00747694 0.0367091 0.367658 0.0436724 0.407337 -0.549473 0.728181
img688.png 0.00801322 0.0358067 0.371012 0.0394681 0.410191 -0.549128 0.727079
img689.png 0.008097 0.0354929 0.374931 0.0363411 0.4106 -0.550422 0.726032
img690.png 0.00782155 0.0350967 0.378118 0.0363551 0.410168 -0.552197 0.724927
img691.png 0.00770613 0.0344411 0.382999 0.0334495 0.407943 -0.553904 0.72502
img692.png 0.00847577 0.0342592 0.386549 0.0361341 0.407352 -0.556387 0.72332
img693.png 0.00866228 0.033464 0.390981 0.0327639 0.412258 -0.556031 0.720971
img695.png 0.00864694 0.0323464 0.401623 0.033628 0.408046 -0.559554 0.720602
img696.png 0.00861934 0.0317502 0.4082 0.0307503 0.411964 -0.557487 0.720103
img697.png 0.00647404 0.0313268 0.414765 0.0283592 0.410202 -0.560274 0.719043
img698.png -0.000987064 0.0341402 0.43353 0.0358573 0.40114 -0.571423 0.715036
img699.png -0.00249682 0.0336026 0.436076 0.0404606 0.401314 -0.573473 0.713049
img700.png -0.00389062 0.0310436 0.44083 0.0394509 0.400421 -0.575987 0.71158
img701.png -0.00453319 0.0282174 0.446594 0.0367204 0.398437 -0.57878 0.710573
img702.png -0.00432232 0.0260661 0.451458 0.0365954 0.398067 -0.580756 0.709173
img703.png -0.000850193 0.019477 0.472684 0.0259575 0.405781 -0.581832 0.704372
img704.png -0.00116059 0.0186749 0.478738 0.0247752 0.407183 -0.582728 0.702863
img706.png 0.00649799 0.0123879 0.500141 0.0241245 0.420536 -0.581375 0.696111
img707.png 0.00857112 0.00774205 0.514471 0.0128252 0.423132 -0.583797 0.692803
img708.png 0.00701864 0.00712852 0.521071 0.0115081 0.42553 -0.58751 0.688203
img709.png 0.00471358 0.00623689 0.528875 0.00942055 0.423375 -0.592962 0.68488
img710.png 0.00225346 0.00545895 0.534562 0.0128586 0.420971 -0.598883 0.681145
img711.png -0.00353488 0.00283558 0.545946 0.0162292 0.405557 -0.618064 0.673244
img712.png -0.00578791 0.000484921 0.552088 0.0140764 0.405533 -0.625377 0.666519
img713.png -0.00833576 -0.00167573 0.555737 0.0139883 0.401213 -0.635164 0.659848
img714.png -0.00913657 -0.00352966 0.561534 0.011828 0.397492 -0.643659 0.653884
img715.png -0.0120807 -0.00967957 0.578848 0.00615133 0.389285 -0.673249 0.628614
img717.png -0.018401 -0.0114591 0.592639 0.00253986 0.385028 -0.694781 0.607476
img718.png -0.0239224 -0.0102349 0.618217 0.270349 0.218538 0.780562 0.519496
img719.png -0.0529862 0.00220121 0.636258 0.0231986 0.302848 -0.83307 0.46232
img720.png -0.0564214 0.000718531 0.636299 0.0202404 0.301634 -0.841566 0.447632
img721.png -0.061574 -0.00142405 0.637025 0.0184694 0.290824 -0.853884 0.431233
img722.png -0.0658326 0.0235998 0.588341 -0.0451354 0.177542 0.980748 -0.0676447
img723.png -0.0659007 0.0209661 0.586133 -0.0495587 0.175376 0.97936 -0.0874195
img724.png -0.0642538 0.0173292 0.593862 -0.0377795 0.201706 0.973138 -0.104358
img725.png -0.0582598 0.00427889 0.59232 -0.0384494 0.204718 0.964109 -0.164636
img726.png -0.0563529 0.00737012 0.599018 -0.0401441 0.208305 0.953777 -0.212855
img728.png -0.05339 0.00574247 0.611543 -0.0349785 0.226119 0.941199 -0.248577
img729.png -0.0919816 -0.0118155 0.660507 -0.0319468 0.289232 0.878875 -0.378026
img730.png -0.094114 -0.0191748 0.670522 -0.0369175 0.298459 0.86402 -0.403769
img731.png -0.0926512 -0.0211775 0.676317 -0.0364759 0.296775 0.859972 -0.413574
img732.png -0.0675327 -0.0328568 0.715664 -0.0453976 0.342149 0.818959 -0.458453
img733.png -0.0612892 -0.0366646 0.721919 -0.0418744 0.354846 0.808649 -0.467351
img734.png -0.0588069 -0.0383752 0.723396 -0.0357569 0.355036 0.806459 -0.471482
img735.png -0.0530231 -0.0407678 0.726903 -0.035013 0.364298 0.793165 -0.486775
img736.png -0.0530899 -0.0435526 0.726018 -0.036602 0.362272 0.789639 -0.493852
img737.png -0.0520708 -0.0462266 0.725965 -0.0264119 0.365266 0.784688 -0.500149
img738.png -0.0514202 -0.0469566 0.725983 -0.0186193 0.36744 0.779981 -0.506232
img739.png -0.0757088 0.0216293 0.764649 0.0514276 0.459652 0.548851 -0.696303
img740.png -0.0738153 0.0232231 0.771412 0.0467034 0.462592 0.540642 -0.701094
img741.png -0.0714508 0.0227315 0.775751 0.0497975 0.469325 0.533801 -0.701649
img742.png -0.0709232 0.0203037 0.777041 0.0566276 0.46833 0.530919 -0.703978
img743.png -0.0684706 0.0118817 0.780229 0.0709356 0.479275 0.513907 -0.707929
img744.png -0.0497604 0.0809731 0.692206 0.0704208 0.519776 0.41842 -0.741484
img745.png -0.0500229 0.0785399 0.685504 0.0687407 0.521585 0.409032 -0.745598
img746.png -0.0444519 0.0730102 0.659671 0.0861083 0.523877 0.39543 -0.749515
img747.png -0.0182748 0.0698055 0.631914 0.0922904 0.540115 0.352588 -0.758577
img748.png -0.0175825 0.0650408 0.626529 0.104565 0.544464 0.352587 -0.753862
img749.png -0.0158113 0.0617591 0.622298 0.112371 0.544172 0.351222 -0.753586
img750.png -0.0296763 0.0324862 0.582626 0.160962 0.591349 0.275967 -0.740432
img751.png -0.018841 0.0410741 0.570639 0.170284 0.624627 0.237212 -0.724275
img752.png -0.01733 0.0390163 0.565799 0.177849 0.628933 0.237202 -0.718713
img753.png -0.0136067 0.0393637 0.557478 0.181883 0.637303 0.229504 -0.712806
img754.png -0.0117889 0.0104349 0.534353 0.200601 0.675722 0.202758 -0.679741
img755.png -0.0161465 0.00160821 0.518323 0.202251 0.684309 0.196429 -0.672481
img756.png -0.0160724 -0.000440849 0.511685 0.206943 0.686824 0.1978 -0.668074
img757.png -0.0168026 -0.00125136 0.505961 0.209547 0.688065 0.198632 -0.665734
img758.png -0.0179006 -0.00146164 0.496547 0.208753 0.690431 0.196296 -0.664226
img759.png -0.0177365 -0.00133173 0.492203 0.206312 0.689999 0.194981 -0.665822
img761.png -0.0168464 -0.00200889 0.480744 0.212049 0.688059 0.200968 -0.664246
img762.png -0.0163699 -0.0012142 0.478172 0.211243 0.687364 0.200897 -0.665242
img763.png -0.0161568 -0.000505495 0.474909 0.209267 0.685949 0.200606 -0.667412
img764.png -0.0134393 0.00184396 0.465518 0.206344 0.681089 0.202464 -0.672717
img765.png -0.0135584 0.000976624 0.461805 0.205998 0.67876 0.204129 -0.67467
img766.png -0.0132989 0.000216686 0.459545 0.206009 0.677467 0.205173 -0.675649
img767.png -0.012995 -0.00033617 0.455976 0.206801 0.676184 0.206806 -0.676195
img768.png -0.0127855 -0.00111021 0.453461 0.205696 0.67525 0.20672 -0.677491
img769.png -0.0123683 -0.00242578 0.449768 0.207434 0.674063 0.208967 -0.677453
img770.png -0.0115738 -0.0034772 0.447743 0.205957 0.674 0.207875 -0.678302
img771.png -0.0108539 -0.00518058 0.445824 0.204691 0.672736 0.20783 -0.679952
img772.png -0.00994216 -0.00753193 0.442653 0.204603 0.674418 0.206485 -0.678721
img773.png -0.00913048 -0.00890399 0.438639 0.20676 0.675245 0.207504 -0.676931
img774.png -0.00877705 -0.00943836 0.436596 0.203392 0.675237 0.204936 -0.67874
img775.png -0.00853494 -0.010284 0.434248 0.202507 0.675076 0.204368 -0.679336
img776.png -0.00807326 -0.0115278 0.431251 0.202443 0.674891 0.204432 -0.67952
img777.png -0.00740939 -0.0122643 0.427047 0.205392 0.674357 0.207097 -0.678357
img778.png -0.00693387 -0.0122865 0.425729 0.202909 0.674424 0.205144 -0.679629
img779.png -0.00676226 -0.0123614 0.424219 0.199329 0.673793 0.202866 -0.681994
img780.png -0.006069 -0.0122522 0.421438 0.201496 0.672342 0.205633 -0.681961
img781.png -0.00644116 -0.0115426 0.423228 0.195205 0.672263 0.200848 -0.685287
img782.png -0.00744092 -0.0118617 0.420701 0.196769 0.671466 0.202667 -0.685085
img783.png -0.00770064 -0.0118826 0.419601 0.195227 0.67022 0.202334 -0.686843
img784.png -0.0076835 -0.0120302 0.417698 0.195074 0.67004 0.202326 -0.687064
img785.png -0.00832004 -0.0117002 0.418238 0.190784 0.669521 0.199284 -0.689659
img786.png -0.00942151 -0.0118446 0.416355 0.192335 0.669224 0.200756 -0.689089
img788.png -0.00993125 -0.0123798 0.416628 0.188305 0.669622 0.197338 -0.6908
img789.png -0.00981957 -0.0127061 0.416407 0.188655 0.669509 0.197626 -0.690732
img790.png -0.00910966 -0.0125488 0.419323 0.184252 0.670036 0.193717 -0.692515
img791.png -0.00897418 -0.0130066 0.419844 0.186426 0.670383 0.195297 -0.691152
img792.png -0.00867257 -0.0131177 0.423128 0.183451 0.671066 0.192469 -0.692078
img793.png -0.008367 -0.0135374 0.424108 0.185418 0.67075 0.194175 -0.691383
img794.png -0.00754505 -0.0135562 0.427741 0.183709 0.671855 0.19216 -0.691329
img795.png -0.00628669 -0.0135579 0.431426 0.182218 0.672612 0.190469 -0.691456
img796.png -0.00418498 -0.0136233 0.434474 0.183482 0.673694 0.190656 -0.690016
img797.png -0.00264372 -0.012835 0.441111 0.179456 0.674717 0.186923 -0.691095
img798.png -0.0017192 -0.0125731 0.444525 0.179816 0.675533 0.186666 -0.690273
img799.png -0.00098282 -0.0106828 0.450696 0.176099 0.676631 0.183012 -0.691134
img801.png -0.000833492 -0.00776255 0.461094 0.173399 0.674106 0.18311 -0.694251
img802.png 0.00102692 -0.0101291 0.48798 0.17388 0.676534 0.181833 -0.692102
img803.png 0.00168317 -0.00981746 0.496793 0.171225 0.678558 0.178111 -0.691749
img804.png 0.0372523 -0.0226966 0.651405 0.195073 0.666715 0.210148 -0.68795
img806.png 0.0224404 -0.00266904 0.698371 0.160967 0.604786 0.280834 -0.727637
img807.png 0.0203579 -0.00119566 0.70266 0.159388 0.599477 0.290872 -0.728434
img808.png 0.0187012 0.00131096 0.707118 0.154614 0.593068 0.300444 -0.73082
img809.png -0.00161898 0.00128604 0.767259 0.122665 0.543782 0.39731 -0.728971
img810.png -0.00509053 0.00340432 0.772957 0.124231 0.540655 0.407126 -0.725608
img812.png -0.0190628 0.0832276 0.851121 0.0537359 0.551777 0.425238 -0.715421
img813.png -0.0690168 0.0493871 0.676688 0.28295 0.225779 0.794805 0.487082
img814.png -0.0770286 0.0471214 0.652033 0.253209 0.237792 0.824338 0.446998
img815.png -0.0798321 0.0466561 0.646459 0.242982 0.235463 0.834408 0.435063
img816.png -0.0869085 0.0466903 0.636231 0.224087 0.235431 0.854777 0.404616
img818.png -0.0934214 0.0215989 0.629118 0.0688778 0.282944 0.953452 0.078281
img819.png -0.0874204 0.00540795 0.646646 0.0665563 0.312452 0.947234 0.0262997
img820.png -0.0866116 0.00907753 0.65615 0.0544079 0.322158 0.944923 0.0193753
img821.png -0.0823383 0.0062365 0.662804 0.0616804 0.342247 0.937499 0.0126025
img822.png -0.0840952 0.0014806 0.669747 0.0694321 0.349204 0.93447 0.00108062
img823.png -0.0900775 0.00596442 0.684258 0.0715304 0.343954 0.936249 -0.00412958
img825.png -0.0856062 0.0153936 0.708014 0.0732473 0.361772 0.929264 -0.0149586
img826.png -0.0855492 0.0176206 0.713712 0.0718939 0.361772 0.929301 -0.0187638
img827.png -0.0873071 0.0201847 0.726241 0.0683197 0.379424 0.922273 -0.0279885
img828.png -0.0848884 0.0295003 0.742839 0.0658795 0.379748 0.922217 -0.0311006
img829.png -0.107827 0.0849592 0.787726 0.0378211 0.387169 0.917448 -0.0834136
img830.png -0.119072 0.0840762 0.785479 0.0374983 0.377833 0.918882 -0.107195
img831.png -0.120644 0.0824338 0.785059 0.0353659 0.376267 0.918109 -0.119363
img832.png -0.12034 0.0804461 0.785103 0.0404068 0.369958 0.918361 -0.13458
img833.png -0.11764 0.0542981 0.794075 0.0441459 0.386567 0.89144 -0.232275
img834.png -0.114447 0.0391153 0.804436 0.0186225 0.401392 0.840547 -0.363344
img835.png -0.101327 0.00139269 0.710407 0.0769845 0.429073 0.688195 -0.579963
img836.png -0.132481 -0.00580261 0.669946 0.0850039 0.423188 0.628854 -0.646706
img837.png -0.135994 -0.0170475 0.651533 0.0963902 0.43522 0.567951 -0.691899
img838.png -0.0993942 -0.0262011 0.645774 0.114184 0.477971 0.48902 -0.72067
img839.png -0.0824948 -0.029692 0.649502 0.129687 0.500084 0.456714 -0.72423
img840.png -0.0749486 -0.0351349 0.650366 0.138946 0.510842 0.44153 -0.724421
img841.png -0.0734115 -0.0358148 0.653435 0.139582 0.517223 0.431656 -0.725721
img842.png -0.0736883 -0.0388932 0.654344 0.149228 0.521051 0.4222 -0.726625
img843.png -0.0696325 -0.0414505 0.65654 0.152174 0.528344 0.411797 -0.726718
img844.png -0.0665609 -0.0430622 0.65966 0.152162 0.537351 0.398565 -0.727494
img845.png -0.0646373 -0.0453443 0.661186 0.155076 0.541646 0.388949 -0.728896
img846.png -0.0508251 -0.0545516 0.6663 0.162932 0.564425 0.357918 -0.725791
img847.png -0.0457709 -0.0591283 0.675206 0.165415 0.581639 0.330068 -0.724837
img848.png -0.0216604 -0.13116 0.736166 0.24112 0.688196 0.209201 -0.651523
img849.png -0.0255438 -0.172692 0.726356 0.290643 0.700871 0.220587 -0.612901
img851.png -0.0468205 -0.129282 0.677224 0.292194 0.735816 0.198673 -0.57769
img852.png -0.0486876 -0.128104 0.665996 0.295152 0.749269 0.195051 -0.559853
img853.png 0.0190101 -0.0972836 0.783614 0.476928 0.564498 0.450971 -0.500506
img854.png -0.032782 0.0544873 0.933699 0.329596 0.582928 0.365082 -0.646743
img855.png -0.102365 0.048936 0.920479 0.31039 0.49958 0.440927 -0.677983
img856.png -0.14991 0.0701265 0.736706 0.426376 0.30939 0.587623 -0.61415
img858.png 0.0149045 -0.0587963 0.507405 0.556657 0.481198 0.56551 -0.372532
img859.png 0.0161774 -0.0608344 0.505239 0.554383 0.485948 0.564401 -0.371438
img860.png -0.0170554 -0.115166 0.487495 0.478742 0.614161 0.551342 -0.29939
img861.png -0.0229703 -0.125126 0.506594 0.473084 0.622882 0.520341 -0.342718
img862.png -0.0609047 -0.0691439 0.61277 0.360616 0.688633 0.361214 -0.515039
img863.png -0.0700081 -0.0543239 0.65239 0.296349 0.722395 0.284795 -0.55607
img865.png -0.0609283 -0.0536201 0.95678 0.0679922 0.671987 0.110639 -0.729088
img866.png -0.0278083 -0.135192 0.888516 0.016255 0.589265 0.192643 -0.784469
img867.png -0.0325089 -0.132572 0.885697 0.0156087 0.579021 0.207868 -0.788214
img868.png -0.0306516 -0.119184 0.88467 -0.00318532 0.502383 0.330004 -0.799186
img870.png 0.0136176 -0.144595 0.802613 -0.0999445 0.328236 0.90907 -0.236357
img871.png -0.0517537 -0.0648392 0.43219 0.128042 -0.376315 -0.809419 -0.432241
img872.png -0.05906 -0.0630777 0.427097 0.11561 -0.358513 -0.834082 -0.403002
img873.png -0.066404 -0.058524 0.425124 0.115328 -0.358449 -0.83789 -0.395163
img875.png -0.0705759 -0.0529455 0.426482 0.113522 -0.349044 -0.846815 -0.384949
img876.png -0.0709022 -0.0510453 0.427714 0.113448 -0.345032 -0.850121 -0.381283
img877.png -0.0728129 -0.0438199 0.433289 0.11474 -0.331843 -0.859307 -0.371896
img878.png -0.073274 -0.041287 0.433028 0.114474 -0.330242 -0.862 -0.367139
img879.png -0.074016 -0.0395721 0.434151 0.115543 -0.325686 -0.864934 -0.36396
img880.png -0.0738747 -0.0380107 0.433162 0.114722 -0.324464 -0.866485 -0.361616
img881.png -0.0741803 -0.0358443 0.434208 0.11416 -0.32302 -0.867914 -0.359653
img882.png -0.0745407 -0.0333609 0.437025 0.114747 -0.315477 -0.872055 -0.356128
img883.png -0.0738511 -0.0317264 0.4368 0.114875 -0.31308 -0.874533 -0.352103
img884.png -0.0738621 -0.0305043 0.437668 0.113747 -0.312105 -0.875428 -0.351109
img885.png -0.073948 -0.0285814 0.439792 0.114004 -0.30738 -0.87798 -0.348816
img887.png -0.0720871 -0.0240262 0.44283 0.110301 -0.295766 -0.885367 -0.341294
img888.png -0.0724852 -0.0240759 0.441102 0.109424 -0.294349 -0.886867 -0.338899
img889.png -0.0727734 -0.0230699 0.442501 0.107983 -0.291924 -0.888767 -0.336473
img890.png -0.0736782 -0.0222586 0.441201 0.110088 -0.292577 -0.888662 -0.335498
img891.png -0.0746999 -0.0206897 0.443003 0.1117 -0.290432 -0.889789 -0.333838
img892.png -0.0764831 -0.0180284 0.444324 0.111612 -0.284202 -0.893507 -0.329268
img894.png -0.0768879 -0.0162376 0.445817 0.111467 -0.276604 -0.897523 -0.324834
img895.png -0.0771112 -0.0152216 0.446422 0.110719 -0.275212 -0.898623 -0.323227
img896.png -0.0781054 -0.0137042 0.447058 0.112571 -0.272748 -0.899705 -0.321664
img899.png -0.0579303 -0.00320807 0.461975 0.110398 -0.217292 -0.918562 -0.311192
img900.png -0.0529564 -0.00359002 0.465715 0.109477 -0.199474 -0.92418 -0.306783
img901.png -0.0508718 -0.00388453 0.464407 0.10661 -0.203883 -0.92321 -0.307813
img902.png -0.0513099 -0.00328153 0.464883 0.106573 -0.204627 -0.923224 -0.307291
img903.png -0.0506422 -0.00336624 0.467042 0.107062 -0.19646 -0.925479 -0.305664
img904.png -0.0491714 -0.00424677 0.467169 0.105518 -0.191247 -0.927055 -0.30473
img905.png -0.0470052 -0.0052792 0.465071 0.106148 -0.191348 -0.926872 -0.305002
img906.png -0.0424095 -0.00686812 0.466647 0.0998003 -0.182117 -0.92947 -0.304891
img907.png -0.0412654 -0.00815625 0.465413 0.102632 -0.181014 -0.928729 -0.306861
img908.png -0.0409735 -8.70609e-05 0.469764 0.0983639 -0.169942 -0.93537 -0.294156
img909.png -0.0418184 0.000849257 0.470246 0.0990992 -0.167147 -0.936542 -0.29177
img910.png -0.0432158 0.00208003 0.470765 0.100575 -0.170144 -0.936431 -0.289883
img911.png -0.0452586 0.00364612 0.471922 0.101826 -0.168156 -0.937516 -0.287087
img912.png -0.0465031 0.00437142 0.472891 0.101495 -0.164626 -0.939243 -0.283583
img913.png -0.0465793 0.00396884 0.472528 0.101774 -0.162322 -0.940134 -0.281854
img914.png -0.0475753 0.00425497 0.470918 0.103202 -0.170491 -0.938801 -0.280952
img915.png -0.0492779 0.00537724 0.472883 0.104224 -0.166438 -0.939453 -0.280828
img916.png -0.0496779 0.00646557 0.475464 0.104206 -0.164704 -0.939879 -0.280432
img917.png -0.0501533 0.00745401 0.476737 0.10461 -0.163222 -0.940619 -0.27866
img918.png -0.0498499 0.00704831 0.478539 0.104867 -0.157664 -0.942102 -0.276746
img919.png -0.0493053 0.00648234 0.478701 0.105396 -0.155908 -0.942579 -0.275916
img920.png -0.0489746 0.00699932 0.479178 0.107415 -0.159118 -0.941607 -0.276622
img922.png -0.0490417 0.00886887 0.481887 0.107338 -0.153815 -0.943465 -0.273302
img923.png -0.0480738 0.007196 0.482029 0.10746 -0.149243 -0.944312 -0.272862
img924.png -0.0468055 0.00604563 0.48355 0.103167 -0.146143 -0.945883 -0.270748
img925.png -0.046169 0.00517498 0.482634 0.101992 -0.148964 -0.945979 -0.269318
img926.png -0.0459758 0.00426611 0.484633 0.103546 -0.142167 -0.947164 -0.268229
img927.png -0.0454183 0.00383579 0.485543 0.104233 -0.143157 -0.947342 -0.266805
img928.png -0.0455233 0.00393052 0.487149 0.104673 -0.13855 -0.948856 -0.263665
img929.png -0.044483 0.00338481 0.48793 0.104284 -0.133428 -0.950475 -0.260613
img930.png -0.0437749 0.00266387 0.488939 0.10665 -0.128649 -0.951615 -0.257885
img932.png -0.0404994 0.00138293 0.493193 0.102886 -0.111649 -0.957062 -0.246944
img933.png -0.0354946 0.000894636 0.609446 0.137223 0.149245 -0.978279 0.0431889
img934.png -0.0369347 0.00247724 0.616585 0.137608 0.162304 -0.975157 0.0615557
img936.png -0.0383012 0.00441055 0.62365 0.140765 0.172507 -0.971831 0.0772755
img937.png -0.037745 0.0056432 0.626226 0.140731 0.178762 -0.969977 0.0859235
img938.png -0.0362432 0.0051914 0.629001 0.141675 0.187036 -0.967482 0.0944706
img939.png -0.03498 0.00487361 0.634303 0.140026 0.195606 -0.965289 0.101722
img940.png -0.034001 0.00499094 0.637811 0.141177 0.197536 -0.964022 0.108213
img941.png -0.0320274 0.0056974 0.642444 0.141884 0.210026 -0.960091 0.118248
img942.png -0.0287164 0.0049892 0.651801 0.140207 0.220941 -0.956158 0.131485
img943.png -0.023926 0.00772071 0.667977 0.138732 0.237692 -0.950182 0.146319
img944.png -0.0233966 0.00852361 0.672786 0.141176 0.243502 -0.947171 0.153766
img945.png -0.0225571 0.00878097 0.671098 0.148543 0.252493 -0.942514 0.160777
img946.png -0.0165255 0.00669913 0.680652 0.140305 0.255662 -0.941787 0.167298
img947.png -0.0129445 0.00730344 0.686726 0.139887 0.262589 -0.938676 0.174257
img948.png -0.0106613 0.00814934 0.695364 0.138314 0.272793 -0.934371 0.182769
img949.png -0.00866795 0.00787173 0.702433 0.135468 0.282897 -0.930271 0.190299
img950.png -0.0078782 0.00740656 0.709865 0.132315 0.28746 -0.927932 0.196982
img951.png -0.00648387 0.00870384 0.713084 0.134325 0.292329 -0.924499 0.204456
img952.png -0.00344303 0.00968343 0.721296 0.134732 0.300964 -0.919687 0.213174
img953.png -0.00631138 0.00999912 0.744211 0.123707 0.319183 -0.908787 0.238589
img954.png 0.0668392 0.0103754 0.769773 0.121945 0.399094 -0.861795 0.28838
img955.png 0.074428 0.010162 0.779383 0.113967 0.415765 -0.852223 0.296425
img956.png 0.0586491 0.046095 0.834401 0.101839 0.410981 -0.839674 0.340104
img958.png 0.068735 0.0503569 0.84529 0.100231 0.433027 -0.821791 0.356512
img959.png 0.0721884 0.0198769 0.864381 0.0784772 0.456413 -0.806325 0.367924
img960.png 0.0395706 0.0281459 0.873769 0.0694102 0.442788 -0.810169 0.377819
img961.png 0.0405103 0.0265977 0.872274 0.0683231 0.442746 -0.810603 0.377134
img962.png 0.0420147 0.0252523 0.872447 0.0656009 0.444773 -0.810158 0.376188
img963.png 0.0412256 0.0250987 0.87581 0.065065 0.44572 -0.809415 0.376759
img964.png 0.082111 0.0117683 0.872457 0.0719362 0.474256 -0.795905 0.36938
